0					 0					 0
0.05					 0					 -0.00369378
0.1					 0					 -0.00366958
0.15					 0					 -0.0043862
0.2					 0					 -0.0057669
0.25					 0					 -0.00684162
0.3					 0					 -0.00803885
0.35					 0					 -0.00899912
0.4					 0					 -0.00939197
0.45					 0					 -0.0109433
0.5					 0					 -0.0122047
0.55					 0					 -0.0137087
0.6					 0					 -0.0149019
0.65					 0					 -0.0154834
0.7					 0					 -0.0167834
0.75					 0					 -0.0186337
0.8					 0					 -0.0197163
0.85					 0					 -0.0218136
0.9					 0					 -0.0225979
0.95					 0					 -0.0240982
1					 0					 -0.0261288
1.05					 0					 -0.0277134
1.1					 0					 -0.0298349
1.15					 0					 -0.030422
1.2					 0					 -0.0312584
1.25					 0					 -0.0318084
1.3					 0					 -0.0319502
1.35					 0					 -0.0319878
1.4					 0					 -0.0300758
1.45					 0					 -0.0286974
1.5					 0					 -0.0275785
1.55					 0					 -0.0262256
1.6					 0					 -0.0252815
1.65					 0					 -0.023202
1.7					 0					 -0.0220406
1.75					 0					 -0.0213251
1.8					 0					 -0.0208471
1.85					 0					 -0.0210848
1.9					 0					 -0.0203136
1.95					 0					 -0.0207102
2					 0					 -0.0211866
0					 0.13266					 -0.000559389
0.05					 0.13266					 -0.000356585
0.1					 0.13266					 -0.000581875
0.15					 0.13266					 -0.00137139
0.2					 0.13266					 -0.00267751
0.25					 0.13266					 -0.00409306
0.3					 0.13266					 -0.00530664
0.35					 0.13266					 -0.0059205
0.4					 0.13266					 -0.00647401
0.45					 0.13266					 -0.00793592
0.5					 0.13266					 -0.00956269
0.55					 0.13266					 -0.0114406
0.6					 0.13266					 -0.0123081
0.65					 0.13266					 -0.0130046
0.7					 0.13266					 -0.0143912
0.75					 0.13266					 -0.0161662
0.8					 0.13266					 -0.0177922
0.85					 0.13266					 -0.0194575
0.9					 0.13266					 -0.02041
0.95					 0.13266					 -0.0220463
1					 0.13266					 -0.0240729
1.05					 0.13266					 -0.0262427
1.1					 0.13266					 -0.0283871
1.15					 0.13266					 -0.029337
1.2					 0.13266					 -0.0299933
1.25					 0.13266					 -0.0308214
1.3					 0.13266					 -0.0316736
1.35					 0.13266					 -0.0317133
1.4					 0.13266					 -0.0300106
1.45					 0.13266					 -0.027968
1.5					 0.13266					 -0.0267095
1.55					 0.13266					 -0.025636
1.6					 0.13266					 -0.0242987
1.65					 0.13266					 -0.0220306
1.7					 0.13266					 -0.020186
1.75					 0.13266					 -0.0192764
1.8					 0.13266					 -0.0191093
1.85					 0.13266					 -0.0191504
1.9					 0.13266					 -0.0184469
1.95					 0.13266					 -0.0184153
2					 0.13266					 -0.0184901
0					 0.265321					 -0.000940451
0.05					 0.265321					 -0.000396386
0.1					 0.265321					 -0.000402148
0.15					 0.265321					 -0.00125896
0.2					 0.265321					 -0.00251296
0.25					 0.265321					 -0.00360741
0.3					 0.265321					 -0.004766
0.35					 0.265321					 -0.00575545
0.4					 0.265321					 -0.00638766
0.45					 0.265321					 -0.00781882
0.5					 0.265321					 -0.00913805
0.55					 0.265321					 -0.0105949
0.6					 0.265321					 -0.0118405
0.65					 0.265321					 -0.0126648
0.7					 0.265321					 -0.0140237
0.75					 0.265321					 -0.0158501
0.8					 0.265321					 -0.0171125
0.85					 0.265321					 -0.0190802
0.9					 0.265321					 -0.0201357
0.95					 0.265321					 -0.0217209
1					 0.265321					 -0.0237959
1.05					 0.265321					 -0.0254794
1.1					 0.265321					 -0.027483
1.15					 0.265321					 -0.0281697
1.2					 0.265321					 -0.0291786
1.25					 0.265321					 -0.0301663
1.3					 0.265321					 -0.0304382
1.35					 0.265321					 -0.0303329
1.4					 0.265321					 -0.0284136
1.45					 0.265321					 -0.027039
1.5					 0.265321					 -0.0258228
1.55					 0.265321					 -0.0240867
1.6					 0.265321					 -0.0224901
1.65					 0.265321					 -0.0199008
1.7					 0.265321					 -0.0182853
1.75					 0.265321					 -0.0172586
1.8					 0.265321					 -0.0165009
1.85					 0.265321					 -0.0164076
1.9					 0.265321					 -0.0156838
1.95					 0.265321					 -0.0157495
2					 0.265321					 -0.0161071
0					 0.397981					 -0.00115193
0.05					 0.397981					 -0.000658269
0.1					 0.397981					 -0.00104746
0.15					 0.397981					 -0.00214189
0.2					 0.397981					 -0.00342859
0.25					 0.397981					 -0.0048274
0.3					 0.397981					 -0.00603841
0.35					 0.397981					 -0.00681593
0.4					 0.397981					 -0.0076595
0.45					 0.397981					 -0.00908577
0.5					 0.397981					 -0.0107495
0.55					 0.397981					 -0.0126544
0.6					 0.397981					 -0.0136394
0.65					 0.397981					 -0.0147599
0.7					 0.397981					 -0.0163706
0.75					 0.397981					 -0.0183249
0.8					 0.397981					 -0.0202687
0.85					 0.397981					 -0.0219619
0.9					 0.397981					 -0.0234609
0.95					 0.397981					 -0.0254731
1					 0.397981					 -0.0279549
1.05					 0.397981					 -0.030688
1.1					 0.397981					 -0.0333395
1.15					 0.397981					 -0.0352367
1.2					 0.397981					 -0.0371994
1.25					 0.397981					 -0.0399905
1.3					 0.397981					 -0.0426025
1.35					 0.397981					 -0.0426513
1.4					 0.397981					 -0.0395975
1.45					 0.397981					 -0.0364004
1.5					 0.397981					 -0.034976
1.55					 0.397981					 -0.032046
1.6					 0.397981					 -0.0276836
1.65					 0.397981					 -0.023385
1.7					 0.397981					 -0.02029
1.75					 0.397981					 -0.0187755
1.8					 0.397981					 -0.0176969
1.85					 0.397981					 -0.0171258
1.9					 0.397981					 -0.0162612
1.95					 0.397981					 -0.0158646
2					 0.397981					 -0.0157076
-0.0111864					 0.376999					 0.0534928
0.0452937					 0.380446					 0.0529368
0.0988102					 0.380898					 0.0519899
0.149458					 0.38139					 0.0505589
0.200049					 0.382157					 0.0490817
0.250557					 0.381983					 0.0481413
0.300834					 0.381845					 0.0469611
0.351097					 0.38185					 0.0453246
0.401042					 0.381254					 0.0439036
0.451005					 0.381379					 0.0424341
0.502437					 0.381035					 0.0409324
0.551291					 0.38051					 0.0396327
0.599807					 0.380211					 0.0376782
0.651271					 0.379662					 0.0355408
0.701213					 0.379216					 0.0335806
0.752601					 0.379148					 0.0310061
0.801486					 0.378056					 0.0290648
0.850308					 0.377708					 0.0265968
0.90191					 0.376845					 0.0235805
0.952256					 0.37619					 0.0208795
1.00397					 0.37592					 0.017099
1.05457					 0.375526					 0.0138962
1.1043					 0.376041					 0.0102503
1.1544					 0.37733					 0.00642201
1.206					 0.380374					 0.000235372
1.2592					 0.385225					 -0.00993839
1.31052					 0.395608					 -0.0232917
1.36112					 0.407276					 -0.0332405
1.41286					 0.416802					 -0.040081
1.4649					 0.426033					 -0.0425703
1.51559					 0.433865					 -0.0433381
1.56678					 0.446407					 -0.039632
1.616					 0.4621					 -0.0335819
1.66378					 0.478079					 -0.0273327
1.70875					 0.492842					 -0.0227656
1.75027					 0.501898					 -0.0204998
1.79378					 0.51119					 -0.0185194
1.83742					 0.518883					 -0.0175643
1.88169					 0.522705					 -0.0169626
1.91951					 0.52703					 -0.017081
1.94961					 0.531332					 -0.0172147
-0.00411156					 0.420374					 0.102888
0.0480698					 0.423196					 0.101661
0.0992557					 0.424645					 0.100292
0.150139					 0.425625					 0.0990905
0.200775					 0.426395					 0.0976786
0.251161					 0.426921					 0.0962337
0.301328					 0.427354					 0.0947449
0.351505					 0.427868					 0.0930486
0.401649					 0.428399					 0.0911932
0.451762					 0.428976					 0.08926
0.50225					 0.429265					 0.086939
0.551652					 0.430229					 0.0849716
0.601056					 0.430472					 0.0820853
0.651715					 0.431674					 0.0793284
0.701707					 0.432445					 0.0762894
0.752433					 0.432963					 0.0727854
0.801781					 0.434088					 0.0695186
0.851005					 0.434221					 0.0654075
0.901922					 0.435615					 0.0610158
0.952054					 0.43647					 0.0562882
1.00331					 0.437277					 0.0508838
1.05352					 0.438827					 0.0454212
1.10288					 0.440735					 0.0386817
1.15223					 0.444886					 0.0303385
1.20271					 0.450148					 0.0194388
1.25476					 0.456796					 0.00701614
1.30562					 0.46543					 -0.00591343
1.3574					 0.475355					 -0.0185306
1.41017					 0.487374					 -0.0288587
1.46374					 0.499986					 -0.0358083
1.51602					 0.512381					 -0.0399161
1.56809					 0.531059					 -0.0386599
1.61761					 0.554315					 -0.0340244
1.66453					 0.580026					 -0.0279793
1.70771					 0.6039					 -0.0230482
1.74705					 0.619995					 -0.0206555
1.78723					 0.636105					 -0.0184219
1.82738					 0.648402					 -0.0175139
1.8684					 0.654808					 -0.0172539
1.90381					 0.659933					 -0.0174826
1.93179					 0.664288					 -0.0175525
0.000629678					 0.436084					 0.148119
0.0503404					 0.436961					 0.146256
0.100413					 0.43826					 0.14468
0.150917					 0.439659					 0.143423
0.201387					 0.441095					 0.142122
0.25171					 0.441801					 0.140332
0.301779					 0.442841					 0.138541
0.352006					 0.444257					 0.136701
0.402082					 0.445466					 0.134463
0.452054					 0.446879					 0.13207
0.502089					 0.448174					 0.129272
0.552066					 0.449466					 0.12617
0.601994					 0.451584					 0.122769
0.652075					 0.453531					 0.118954
0.701811					 0.4556					 0.114745
0.751818					 0.457962					 0.110207
0.801689					 0.459856					 0.104999
0.851448					 0.462463					 0.099187
0.901386					 0.465015					 0.0927449
0.95097					 0.467618					 0.0855548
1.00077					 0.470725					 0.077739
1.05025					 0.473738					 0.0690772
1.09995					 0.477691					 0.0591585
1.14976					 0.482445					 0.0479739
1.19957					 0.488741					 0.0355424
1.24927					 0.496254					 0.022847
1.30018					 0.506263					 0.00970714
1.35274					 0.519652					 -0.00390575
1.40595					 0.53573					 -0.0162004
1.45964					 0.553901					 -0.0264318
1.51187					 0.572805					 -0.032535
1.56486					 0.600757					 -0.0351556
1.61544					 0.635482					 -0.0331861
1.66243					 0.674837					 -0.028132
1.70458					 0.710479					 -0.0229718
1.74123					 0.737956					 -0.0197861
1.77745					 0.765645					 -0.0177861
1.81433					 0.784082					 -0.0170827
1.85288					 0.792577					 -0.0172835
1.88672					 0.795743					 -0.0177343
1.91367					 0.796669					 -0.0179011
0.00145322					 0.449437					 0.196958
0.0515764					 0.451122					 0.195285
0.101663					 0.452653					 0.193627
0.151819					 0.454233					 0.192088
0.202035					 0.455764					 0.190459
0.252235					 0.457351					 0.188698
0.302298					 0.459051					 0.186725
0.352371					 0.460929					 0.184527
0.40245					 0.462998					 0.182059
0.452448					 0.465275					 0.179267
0.502426					 0.467815					 0.176122
0.552311					 0.470558					 0.172485
0.602258					 0.473746					 0.168354
0.652146					 0.477098					 0.163838
0.701945					 0.480716					 0.158732
0.751719					 0.484648					 0.153066
0.801389					 0.48866					 0.146545
0.850969					 0.493009					 0.139108
0.900434					 0.497555					 0.130983
0.949709					 0.502337					 0.121788
0.99881					 0.507588					 0.111648
1.04772					 0.513092					 0.100229
1.09666					 0.519273					 0.0871403
1.14547					 0.526118					 0.0728146
1.19436					 0.53418					 0.0574837
1.24327					 0.543185					 0.042227
1.29322					 0.554626					 0.0263448
1.34474					 0.569254					 0.0101872
1.39695					 0.587011					 -0.00448141
1.44986					 0.608321					 -0.0172913
1.5023					 0.631775					 -0.0257058
1.55533					 0.665676					 -0.0305293
1.60683					 0.710035					 -0.0309595
1.65466					 0.76322					 -0.0272643
1.69751					 0.814473					 -0.0221583
1.73315					 0.853594					 -0.0183909
1.7666					 0.89473					 -0.0165242
1.80148					 0.918115					 -0.0161356
1.84022					 0.926916					 -0.0168967
1.8743					 0.929243					 -0.0177422
1.90062					 0.929676					 -0.0181303
0.00274283					 0.463169					 0.24498
0.0526921					 0.464905					 0.243234
0.102662					 0.466668					 0.241495
0.152683					 0.468495					 0.23977
0.202741					 0.470436					 0.237996
0.252813					 0.472544					 0.236076
0.302882					 0.474857					 0.233923
0.35292					 0.477421					 0.23148
0.402946					 0.480269					 0.228715
0.452926					 0.483445					 0.225576
0.502898					 0.487006					 0.221998
0.552814					 0.490997					 0.217851
0.60274					 0.495465					 0.213053
0.652547					 0.500195					 0.20783
0.702314					 0.505341					 0.201853
0.751956					 0.510888					 0.195131
0.801487					 0.51681					 0.187349
0.850897					 0.523166					 0.178434
0.900042					 0.52971					 0.168683
0.948945					 0.536622					 0.157587
0.997472					 0.543922					 0.145283
1.0457					 0.551569					 0.131335
1.09372					 0.559823					 0.11543
1.14146					 0.568505					 0.0982164
1.18913					 0.577975					 0.080166
1.23664					 0.588229					 0.0622451
1.28494					 0.600233					 0.0438911
1.33457					 0.615347					 0.0254798
1.38488					 0.633598					 0.00855188
1.43616					 0.656023					 -0.00626641
1.48719					 0.682395					 -0.0171085
1.53905					 0.719227					 -0.0237957
1.59058					 0.771017					 -0.0261302
1.6387					 0.831201					 -0.0246847
1.68289					 0.907404					 -0.0192401
1.72061					 0.973597					 -0.0147804
1.75327					 1.0326					 -0.0132308
1.78981					 1.05569					 -0.0145127
1.83055					 1.0603					 -0.0158312
1.86476					 1.06248					 -0.0172379
1.89144					 1.06361					 -0.0181852
0.00373431					 0.476944					 0.292942
0.0536688					 0.478847					 0.291168
0.103595					 0.480828					 0.289389
0.153533					 0.482954					 0.28757
0.203506					 0.485284					 0.28566
0.25352					 0.487879					 0.283543
0.303563					 0.49078					 0.281181
0.353606					 0.494036					 0.278502
0.403648					 0.497677					 0.27543
0.453626					 0.501744					 0.271935
0.503653					 0.506314					 0.267913
0.553579					 0.511489					 0.263195
0.603565					 0.517295					 0.257813
0.653348					 0.523404					 0.251793
0.703102					 0.530076					 0.244928
0.752717					 0.537261					 0.237156
0.80214					 0.545033					 0.228077
0.851437					 0.55339					 0.217769
0.900365					 0.561904					 0.206296
0.948958					 0.570886					 0.193295
0.996991					 0.580209					 0.178856
1.04454					 0.589899					 0.162387
1.09164					 0.600186					 0.14379
1.13818					 0.610694					 0.123733
1.18437					 0.621606					 0.102955
1.2301					 0.632805					 0.0823393
1.27623					 0.645317					 0.0613953
1.32331					 0.660561					 0.0407784
1.37093					 0.678679					 0.0215455
1.41959					 0.701133					 0.00474645
1.468					 0.727228					 -0.00808551
1.51779					 0.764019					 -0.01671
1.56911					 0.820697					 -0.0197514
1.61787					 0.884962					 -0.0205852
1.66576					 0.988488					 -0.0152256
1.70525					 1.07737					 -0.0100399
1.73369					 1.17795					 -0.00994003
1.77881					 1.19254					 -0.0134511
1.82429					 1.19194					 -0.0157283
1.85918					 1.19311					 -0.0172288
1.88533					 1.19391					 -0.0180127
0.00403558					 2.0955					 0.287038
0.0539209					 2.09367					 0.284636
0.103762					 2.09174					 0.282138
0.153583					 2.08965					 0.279504
0.203392					 2.08737					 0.276716
0.253206					 2.08478					 0.273661
0.303041					 2.08184					 0.270245
0.35288					 2.07862					 0.266434
0.402695					 2.07511					 0.262172
0.45249					 2.07122					 0.257343
0.502278					 2.06687					 0.251794
0.551974					 2.06198					 0.245385
0.601619					 2.05674					 0.238167
0.651045					 2.05123					 0.230147
0.700357					 2.0453					 0.221123
0.749477					 2.03905					 0.21107
0.798255					 2.03238					 0.199767
0.846828					 2.02532					 0.187234
0.894992					 2.01818					 0.173734
0.94274					 2.01068					 0.159004
0.990276					 2.00287					 0.14312
1.03706					 1.99498					 0.125768
1.08406					 1.98566					 0.107773
1.13071					 1.97596					 0.0890324
1.17735					 1.96519					 0.070284
1.22405					 1.95383					 0.0523056
1.27134					 1.9401					 0.0348691
1.31962					 1.92231					 0.0184924
1.36828					 1.90079					 0.00366663
1.41735					 1.87379					 -0.00887323
1.46675					 1.84358					 -0.017054
1.51685					 1.79933					 -0.0209114
1.56777					 1.73777					 -0.0220153
1.61633					 1.66734					 -0.0214456
1.66426					 1.55637					 -0.0158895
1.70339					 1.45909					 -0.00924705
1.73188					 1.34537					 -0.0105627
1.77805					 1.33731					 -0.0135696
1.82335					 1.33331					 -0.0156871
1.85801					 1.3325					 -0.0171659
1.88398					 1.33316					 -0.017891
0.00311163					 2.12193					 0.244653
0.0530477					 2.12025					 0.242301
0.102954					 2.11853					 0.239916
0.152851					 2.11673					 0.237472
0.202737					 2.1148					 0.234933
0.252626					 2.11266					 0.232201
0.302528					 2.11027					 0.229163
0.352407					 2.10765					 0.225795
0.402251					 2.10482					 0.222061
0.452078					 2.10169					 0.217842
0.501851					 2.09818					 0.213033
0.551611					 2.09431					 0.207428
0.601278					 2.09015					 0.201155
0.650808					 2.08575					 0.194234
0.700238					 2.08102					 0.186429
0.749486					 2.07596					 0.17778
0.798561					 2.07067					 0.168
0.847459					 2.06499					 0.157105
0.896078					 2.05911					 0.145457
0.944456					 2.05287					 0.132631
0.99263					 2.04604					 0.118897
1.04049					 2.0389					 0.103941
1.08853					 2.03078					 0.0877236
1.13657					 2.02173					 0.0710217
1.18488					 2.01144					 0.0541815
1.23323					 1.9999					 0.0381414
1.28264					 1.98582					 0.0224578
1.33335					 1.96778					 0.00735767
1.38439					 1.94562					 -0.00584147
1.43593					 1.91862					 -0.016838
1.48652					 1.88854					 -0.0242266
1.53783					 1.84472					 -0.0272821
1.58821					 1.78726					 -0.0271523
1.63554					 1.72169					 -0.0244956
1.67933					 1.63977					 -0.0188052
1.72198					 1.5924					 -0.0157407
1.75148					 1.5134					 -0.0133794
1.7868					 1.48432					 -0.0148225
1.82709					 1.47609					 -0.0162073
1.86105					 1.47098					 -0.0174426
1.88665					 1.46741					 -0.0180627
0.00222219					 2.14818					 0.202293
0.0522127					 2.14669					 0.200006
0.102195					 2.14522					 0.197759
0.152175					 2.14374					 0.195514
0.202173					 2.14217					 0.193229
0.252183					 2.14049					 0.190828
0.302176					 2.13868					 0.188205
0.352135					 2.1367					 0.185288
0.402062					 2.13454					 0.182052
0.451938					 2.13217					 0.17842
0.501778					 2.12953					 0.174321
0.551619					 2.1267					 0.169632
0.601386					 2.12359					 0.164312
0.65108					 2.12028					 0.158435
0.700681					 2.11675					 0.151857
0.750134					 2.11293					 0.144548
0.799564					 2.10896					 0.136384
0.848824					 2.10467					 0.12727
0.897944					 2.10006					 0.117385
0.946907					 2.09508					 0.106508
0.995637					 2.08953					 0.0947213
1.04445					 2.08336					 0.0819212
1.09353					 2.07606					 0.067924
1.14277					 2.06768					 0.0532907
1.19236					 2.05789					 0.0382671
1.24197					 2.04687					 0.0239447
1.29296					 2.03307					 0.00995369
1.34546					 2.01521					 -0.00360455
1.39833					 1.99328					 -0.0150641
1.45143					 1.96735					 -0.0243179
1.50314					 1.93888					 -0.0304958
1.55489					 1.89947					 -0.0319853
1.60486					 1.84915					 -0.0303516
1.65154					 1.79188					 -0.0259245
1.69331					 1.73449					 -0.0208494
1.73034					 1.69494					 -0.0185372
1.7645					 1.65552					 -0.0166061
1.79784					 1.62841					 -0.0163451
1.83482					 1.61544					 -0.0171917
1.86787					 1.60923					 -0.0180633
1.8933					 1.60587					 -0.0185218
0.00103498					 2.17422					 0.15977
0.0512416					 2.17278					 0.157594
0.10135					 2.1716					 0.155492
0.151497					 2.17041					 0.153498
0.201638					 2.16922					 0.151527
0.25178					 2.168					 0.149477
0.301902					 2.16673					 0.147243
0.351949					 2.16539					 0.144765
0.401934					 2.16396					 0.142037
0.451875					 2.16233					 0.139028
0.50183					 2.16056					 0.135663
0.551761					 2.15866					 0.13183
0.601634					 2.15667					 0.127442
0.651472					 2.15446					 0.12264
0.701266					 2.15212					 0.11729
0.75101					 2.14952					 0.111401
0.80073					 2.14688					 0.104816
0.850392					 2.14398					 0.0974333
0.899956					 2.14073					 0.0894254
0.949474					 2.13709					 0.0805512
0.998892					 2.13279					 0.0709001
1.04842					 2.12777					 0.0603464
1.09833					 2.12144					 0.0485643
1.14842					 2.1138					 0.0360443
1.19895					 2.10472					 0.0229263
1.24943					 2.09457					 0.0102656
1.30139					 2.08147					 -0.00208614
1.3548					 2.06471					 -0.0139372
1.40856					 2.0445					 -0.023637
1.46228					 2.02167					 -0.0311691
1.51418					 1.9974					 -0.035246
1.56593					 1.9642					 -0.0352453
1.615					 1.92344					 -0.0321064
1.66075					 1.87877					 -0.0269887
1.70165					 1.83831					 -0.0225954
1.73841					 1.80746					 -0.0198562
1.7733					 1.77746					 -0.0177307
1.80873					 1.75576					 -0.0171711
1.84557					 1.74371					 -0.0174866
1.87774					 1.73768					 -0.0182512
1.90379					 1.73437					 -0.018887
0.000631484					 2.19948					 0.116456
0.05032					 2.19872					 0.114315
0.100314					 2.19798					 0.112365
0.150836					 2.19706					 0.110678
0.201075					 2.19626					 0.109009
0.251312					 2.19548					 0.107349
0.301583					 2.19478					 0.105542
0.351705					 2.19413					 0.103461
0.401747					 2.19341					 0.101227
0.451723					 2.19249					 0.0988253
0.501735					 2.19146					 0.0962598
0.551818					 2.19051					 0.0932729
0.601805					 2.18958					 0.0898554
0.65175					 2.18849					 0.0860986
0.701747					 2.18729					 0.082009
0.751688					 2.18588					 0.0775683
0.801738					 2.18451					 0.0726544
0.85176					 2.18304					 0.0671357
0.901743					 2.18122					 0.0610346
0.951798					 2.17906					 0.054294
1.00177					 2.17623					 0.0469254
1.05188					 2.1726					 0.0388201
1.10235					 2.16766					 0.0296
1.15315					 2.16135					 0.0194407
1.20426					 2.1536					 0.00842983
1.255					 2.1449					 -0.00244673
1.30745					 2.13323					 -0.0129952
1.36129					 2.1183					 -0.0230329
1.41531					 2.10091					 -0.0308404
1.46886					 2.08226					 -0.0363536
1.52027					 2.06336					 -0.0386638
1.57145					 2.03734					 -0.0370771
1.61975					 2.00596					 -0.0327736
1.66521					 1.97282					 -0.0273952
1.70649					 1.94436					 -0.0233759
1.74471					 1.92334					 -0.0209533
1.78205					 1.9019					 -0.0186709
1.81943					 1.88506					 -0.0178814
1.85718					 1.87493					 -0.0177972
1.89007					 1.86922					 -0.018312
1.91709					 1.86577					 -0.0187834
-0.00338322					 2.2267					 0.0771526
0.0485012					 2.22506					 0.0747784
0.0992767					 2.22364					 0.0729385
0.149926					 2.2233					 0.0716076
0.200846					 2.22289					 0.0702816
0.251154					 2.22247					 0.0690067
0.300957					 2.22225					 0.067627
0.351108					 2.22222					 0.0660636
0.401473					 2.2218					 0.0643413
0.451811					 2.2218					 0.0627004
0.501913					 2.22143					 0.0609393
0.551415					 2.22124					 0.0588249
0.601324					 2.22128					 0.0566353
0.651752					 2.22077					 0.0538751
0.701944					 2.22053					 0.0511587
0.752465					 2.22048					 0.0484682
0.802347					 2.21981					 0.04512
0.85227					 2.21989					 0.0419992
0.90301					 2.21888					 0.0376853
0.953608					 2.21786					 0.0332394
1.00463					 2.21643					 0.02853
1.05533					 2.2137					 0.0227085
1.10592					 2.20979					 0.015823
1.15575					 2.20341					 0.00670837
1.20596					 2.19505					 -0.00446386
1.25999					 2.18835					 -0.0149674
1.31149					 2.17985					 -0.0247232
1.36438					 2.16901					 -0.0331524
1.41753					 2.15591					 -0.0389769
1.4702					 2.1425					 -0.042279
1.52144					 2.13012					 -0.0420572
1.57196					 2.11195					 -0.0387545
1.61986					 2.0902					 -0.0334523
1.66583					 2.06759					 -0.0278818
1.70906					 2.04941					 -0.0238278
1.74848					 2.03537					 -0.0214275
1.78936					 2.02023					 -0.0194372
1.8298					 2.00837					 -0.0184603
1.87064					 2.00119					 -0.0181051
1.90642					 1.99765					 -0.0182454
1.93473					 1.99586					 -0.0183724
-0.0111205					 2.27865					 0.0356166
0.0469362					 2.27654					 0.0333908
0.098936					 2.27668					 0.0321761
0.148336					 2.27639					 0.0312402
0.201528					 2.27638					 0.0301313
0.251833					 2.27648					 0.0291084
0.299388					 2.27671					 0.0281892
0.349549					 2.27697					 0.0271159
0.400996					 2.2775					 0.025815
0.452438					 2.27741					 0.0245506
0.502358					 2.27771					 0.0230964
0.549891					 2.27812					 0.0219603
0.59992					 2.27856					 0.0204109
0.651345					 2.27931					 0.0187006
0.701595					 2.27976					 0.0169495
0.753008					 2.2799					 0.0148438
0.802212					 2.28065					 0.013194
0.851442					 2.28077					 0.0113147
0.90315					 2.28127					 0.00903306
0.953991					 2.28123					 0.00657846
1.00598					 2.28061					 0.00341951
1.05721					 2.27948					 0.000370043
1.1078					 2.27687					 -0.00361348
1.15856					 2.27253					 -0.00950277
1.21021					 2.26544					 -0.0195417
1.26207					 2.25701					 -0.0301476
1.31341					 2.24738					 -0.0386811
1.36506					 2.23817					 -0.0440214
1.41706					 2.2291					 -0.0457756
1.46835					 2.22018					 -0.0451666
1.51819					 2.21204					 -0.0428835
1.56823					 2.20008					 -0.0377838
1.61655					 2.18566					 -0.0317423
1.66385					 2.1719					 -0.0262188
1.70873					 2.16063					 -0.022804
1.75114					 2.15231					 -0.0206349
1.79489					 2.14359					 -0.018557
1.83881					 2.13628					 -0.0176515
1.88298					 2.13226					 -0.0170493
1.92069					 2.12895					 -0.0174199
1.95152					 2.12614					 -0.0179602
0					 2.25522					 -0.0154149
0.05					 2.25522					 -0.0148285
0.1					 2.25522					 -0.0153616
0.15					 2.25522					 -0.0161019
0.2					 2.25522					 -0.0169211
0.25					 2.25522					 -0.0178523
0.3					 2.25522					 -0.0186806
0.35					 2.25522					 -0.019439
0.4					 2.25522					 -0.0203739
0.45					 2.25522					 -0.0213482
0.5					 2.25522					 -0.022762
0.55					 2.25522					 -0.0234726
0.6					 2.25522					 -0.0248256
0.65					 2.25522					 -0.0255975
0.7					 2.25522					 -0.0267909
0.75					 2.25522					 -0.028392
0.8					 2.25522					 -0.0293942
0.85					 2.25522					 -0.0310034
0.9					 2.25522					 -0.0319981
0.95					 2.25522					 -0.0334798
1					 2.25522					 -0.0355112
1.05					 2.25522					 -0.0372231
1.1					 2.25522					 -0.0394007
1.15					 2.25522					 -0.0406072
1.2					 2.25522					 -0.0422675
1.25					 2.25522					 -0.0441497
1.3					 2.25522					 -0.0426982
1.35					 2.25522					 -0.0399428
1.4					 2.25522					 -0.0364148
1.45					 2.25522					 -0.0337304
1.5					 2.25522					 -0.032923
1.55					 2.25522					 -0.0294226
1.6					 2.25522					 -0.0259847
1.65					 2.25522					 -0.022559
1.7					 2.25522					 -0.020175
1.75					 2.25522					 -0.0189659
1.8					 2.25522					 -0.0179124
1.85					 2.25522					 -0.0174043
1.9					 2.25522					 -0.0165909
1.95					 2.25522					 -0.0162693
2					 2.25522					 -0.0161662
0					 2.38788					 -0.0138206
0.05					 2.38788					 -0.013274
0.1					 2.38788					 -0.0130457
0.15					 2.38788					 -0.0136538
0.2					 2.38788					 -0.0143236
0.25					 2.38788					 -0.0150932
0.3					 2.38788					 -0.0158777
0.35					 2.38788					 -0.0166384
0.4					 2.38788					 -0.0173852
0.45					 2.38788					 -0.0183516
0.5					 2.38788					 -0.019613
0.55					 2.38788					 -0.0202776
0.6					 2.38788					 -0.0215683
0.65					 2.38788					 -0.0220683
0.7					 2.38788					 -0.0230749
0.75					 2.38788					 -0.02453
0.8					 2.38788					 -0.0252137
0.85					 2.38788					 -0.0267151
0.9					 2.38788					 -0.0272735
0.95					 2.38788					 -0.0283209
1					 2.38788					 -0.029875
1.05					 2.38788					 -0.030869
1.1					 2.38788					 -0.0321639
1.15					 2.38788					 -0.0320931
1.2					 2.38788					 -0.0324535
1.25					 2.38788					 -0.0327083
1.3					 2.38788					 -0.0319556
1.35					 2.38788					 -0.0309391
1.4					 2.38788					 -0.0284715
1.45					 2.38788					 -0.0268076
1.5					 2.38788					 -0.0254032
1.55					 2.38788					 -0.0235612
1.6					 2.38788					 -0.0220348
1.65					 2.38788					 -0.0196855
1.7					 2.38788					 -0.0182941
1.75					 2.38788					 -0.0173817
1.8					 2.38788					 -0.01665
1.85					 2.38788					 -0.0165519
1.9					 2.38788					 -0.0158556
1.95					 2.38788					 -0.0159681
2					 2.38788					 -0.0163929
0					 2.52054					 -0.0134319
0.05					 2.52054					 -0.0128526
0.1					 2.52054					 -0.0127435
0.15					 2.52054					 -0.0132933
0.2					 2.52054					 -0.0139485
0.25					 2.52054					 -0.0146866
0.3					 2.52054					 -0.0154529
0.35					 2.52054					 -0.0162286
0.4					 2.52054					 -0.0169835
0.45					 2.52054					 -0.0179259
0.5					 2.52054					 -0.0191641
0.55					 2.52054					 -0.0198058
0.6					 2.52054					 -0.0211435
0.65					 2.52054					 -0.0216045
0.7					 2.52054					 -0.0225947
0.75					 2.52054					 -0.024014
0.8					 2.52054					 -0.0247237
0.85					 2.52054					 -0.026288
0.9					 2.52054					 -0.0268619
0.95					 2.52054					 -0.0279806
1					 2.52054					 -0.0295319
1.05					 2.52054					 -0.030657
1.1					 2.52054					 -0.0321333
1.15					 2.52054					 -0.0323822
1.2					 2.52054					 -0.0328202
1.25					 2.52054					 -0.0328971
1.3					 2.52054					 -0.0322649
1.35					 2.52054					 -0.0313062
1.4					 2.52054					 -0.0289135
1.45					 2.52054					 -0.0271397
1.5					 2.52054					 -0.0256845
1.55					 2.52054					 -0.0240449
1.6					 2.52054					 -0.0228409
1.65					 2.52054					 -0.0208672
1.7					 2.52054					 -0.0197316
1.75					 2.52054					 -0.0189715
1.8					 2.52054					 -0.018399
1.85					 2.52054					 -0.0184324
1.9					 2.52054					 -0.0177922
1.95					 2.52054					 -0.0181594
2					 2.52054					 -0.0187191
0					 2.65321					 -0.0167421
0.05					 2.65321					 -0.0156676
0.1					 2.65321					 -0.0154932
0.15					 2.65321					 -0.0159424
0.2					 2.65321					 -0.0165631
0.25					 2.65321					 -0.0172822
0.3					 2.65321					 -0.0180232
0.35					 2.65321					 -0.018783
0.4					 2.65321					 -0.0195911
0.45					 2.65321					 -0.0204451
0.5					 2.65321					 -0.0218302
0.55					 2.65321					 -0.0222631
0.6					 2.65321					 -0.0237879
0.65					 2.65321					 -0.0240801
0.7					 2.65321					 -0.0250299
0.75					 2.65321					 -0.0265137
0.8					 2.65321					 -0.0270548
0.85					 2.65321					 -0.028706
0.9					 2.65321					 -0.029067
0.95					 2.65321					 -0.0300909
1					 2.65321					 -0.0316481
1.05					 2.65321					 -0.0326095
1.1					 2.65321					 -0.0340766
1.15					 2.65321					 -0.0339638
1.2					 2.65321					 -0.0341882
1.25					 2.65321					 -0.0341252
1.3					 2.65321					 -0.0333726
1.35					 2.65321					 -0.0325882
1.4					 2.65321					 -0.030173
1.45					 2.65321					 -0.0285567
1.5					 2.65321					 -0.0273221
1.55					 2.65321					 -0.0258406
1.6					 2.65321					 -0.0249305
1.65					 2.65321					 -0.0230044
1.7					 2.65321					 -0.0220029
1.75					 2.65321					 -0.0213604
1.8					 2.65321					 -0.0208568
1.85					 2.65321					 -0.0210695
1.9					 2.65321					 -0.0203304
1.95					 2.65321					 -0.0207945
2					 2.65321					 -0.0213649
0					 0					 0.0113152
0.05					 0					 0.0106492
0.1					 0					 0.0101927
0.15					 0					 0.0094651
0.2					 0					 0.00875701
0.25					 0					 0.00781821
0.3					 0					 0.00661474
0.35					 0					 0.00560691
0.4					 0					 0.00467445
0.45					 0					 0.00379649
0.5					 0					 0.00269299
0.55					 0					 0.00125851
0.6					 0					 2.18816e-05
0.65					 0					 -0.00113196
0.7					 0					 -0.0024127
0.75					 0					 -0.00356916
0.8					 0					 -0.00513567
0.85					 0					 -0.00665411
0.9					 0					 -0.00792508
0.95					 0					 -0.00926583
1					 0					 -0.0104124
1.05					 0					 -0.0116636
1.1					 0					 -0.0129212
1.15					 0					 -0.0140047
1.2					 0					 -0.0147112
1.25					 0					 -0.0150052
1.3					 0					 -0.014771
1.35					 0					 -0.0139576
1.4					 0					 -0.0127258
1.45					 0					 -0.0115441
1.5					 0					 -0.0106188
1.55					 0					 -0.0094476
1.6					 0					 -0.00823522
1.65					 0					 -0.00723725
1.7					 0					 -0.00656818
1.75					 0					 -0.00619391
1.8					 0					 -0.00586042
1.85					 0					 -0.00561085
1.9					 0					 -0.00546492
1.95					 0					 -0.00539931
2					 0					 -0.0053721
0					 0.13266					 0.011858
0.05					 0.13266					 0.0112128
0.1					 0.13266					 0.0106109
0.15					 0.13266					 0.00983205
0.2					 0.13266					 0.00908397
0.25					 0.13266					 0.00813175
0.3					 0.13266					 0.00698284
0.35					 0.13266					 0.00597183
0.4					 0.13266					 0.00500601
0.45					 0.13266					 0.00409769
0.5					 0.13266					 0.002981
0.55					 0.13266					 0.00161919
0.6					 0.13266					 0.000364566
0.65					 0.13266					 -0.000842914
0.7					 0.13266					 -0.00214081
0.75					 0.13266					 -0.00334367
0.8					 0.13266					 -0.00490719
0.85					 0.13266					 -0.00639804
0.9					 0.13266					 -0.00776727
0.95					 0.13266					 -0.00916403
1					 0.13266					 -0.0103556
1.05					 0.13266					 -0.0116694
1.1					 0.13266					 -0.0129212
1.15					 0.13266					 -0.0142189
1.2					 0.13266					 -0.0150738
1.25					 0.13266					 -0.0154239
1.3					 0.13266					 -0.0152834
1.35					 0.13266					 -0.0143156
1.4					 0.13266					 -0.01307
1.45					 0.13266					 -0.0117845
1.5					 0.13266					 -0.0108086
1.55					 0.13266					 -0.00953584
1.6					 0.13266					 -0.00822288
1.65					 0.13266					 -0.007212
1.7					 0.13266					 -0.00653887
1.75					 0.13266					 -0.00614336
1.8					 0.13266					 -0.00582339
1.85					 0.13266					 -0.00559304
1.9					 0.13266					 -0.00545367
1.95					 0.13266					 -0.00539026
2					 0.13266					 -0.00536239
0					 0.265321					 0.0111346
0.05					 0.265321					 0.0108587
0.1					 0.265321					 0.010348
0.15					 0.265321					 0.00949203
0.2					 0.265321					 0.00875327
0.25					 0.265321					 0.00780092
0.3					 0.265321					 0.00668694
0.35					 0.265321					 0.00569561
0.4					 0.265321					 0.00469951
0.45					 0.265321					 0.00381294
0.5					 0.265321					 0.00270988
0.55					 0.265321					 0.00139763
0.6					 0.265321					 0.000196021
0.65					 0.265321					 -0.00103309
0.7					 0.265321					 -0.00229825
0.75					 0.265321					 -0.00350313
0.8					 0.265321					 -0.00501439
0.85					 0.265321					 -0.00638289
0.9					 0.265321					 -0.00774174
0.95					 0.265321					 -0.00905403
1					 0.265321					 -0.0103005
1.05					 0.265321					 -0.0115218
1.1					 0.265321					 -0.0126049
1.15					 0.265321					 -0.0134448
1.2					 0.265321					 -0.0141414
1.25					 0.265321					 -0.0146856
1.3					 0.265321					 -0.0143744
1.35					 0.265321					 -0.0134491
1.4					 0.265321					 -0.01219
1.45					 0.265321					 -0.0111215
1.5					 0.265321					 -0.0102848
1.55					 0.265321					 -0.00919438
1.6					 0.265321					 -0.00805683
1.65					 0.265321					 -0.00708849
1.7					 0.265321					 -0.00644937
1.75					 0.265321					 -0.0060905
1.8					 0.265321					 -0.00578221
1.85					 0.265321					 -0.00555683
1.9					 0.265321					 -0.00542889
1.95					 0.265321					 -0.00537303
2					 0.265321					 -0.00535049
0					 0.397981					 0.0130919
0.05					 0.397981					 0.0129335
0.1					 0.397981					 0.0123264
0.15					 0.397981					 0.011325
0.2					 0.397981					 0.0104548
0.25					 0.397981					 0.00947864
0.3					 0.397981					 0.0083593
0.35					 0.397981					 0.00734623
0.4					 0.397981					 0.00635781
0.45					 0.397981					 0.00537782
0.5					 0.397981					 0.00419709
0.55					 0.397981					 0.00280931
0.6					 0.397981					 0.00162937
0.65					 0.397981					 0.000366193
0.7					 0.397981					 -0.00101148
0.75					 0.397981					 -0.00239362
0.8					 0.397981					 -0.00402277
0.85					 0.397981					 -0.00547983
0.9					 0.397981					 -0.00701578
0.95					 0.397981					 -0.00860405
1					 0.397981					 -0.0102118
1.05					 0.397981					 -0.0119264
1.1					 0.397981					 -0.0135477
1.15					 0.397981					 -0.0152024
1.2					 0.397981					 -0.0168013
1.25					 0.397981					 -0.0183937
1.3					 0.397981					 -0.0176215
1.35					 0.397981					 -0.0162358
1.4					 0.397981					 -0.0147001
1.45					 0.397981					 -0.0129534
1.5					 0.397981					 -0.0116901
1.55					 0.397981					 -0.00974261
1.6					 0.397981					 -0.00801153
1.65					 0.397981					 -0.00693405
1.7					 0.397981					 -0.00630724
1.75					 0.397981					 -0.00597924
1.8					 0.397981					 -0.00569039
1.85					 0.397981					 -0.00548967
1.9					 0.397981					 -0.005385
1.95					 0.397981					 -0.00534131
2					 0.397981					 -0.00532479
-0.000749014					 0.356543					 0.0627545
0.0494628					 0.358162					 0.0622684
0.0998986					 0.358702					 0.0616978
0.150739					 0.358932					 0.0611356
0.201071					 0.358919					 0.0602223
0.251209					 0.359095					 0.0593681
0.301448					 0.359172					 0.0585448
0.351565					 0.359245					 0.0577196
0.401737					 0.359473					 0.0568957
0.451856					 0.359418					 0.0557273
0.501829					 0.359462					 0.05461
0.552182					 0.359488					 0.0536196
0.602478					 0.359689					 0.0524871
0.652465					 0.360073					 0.0513668
0.702707					 0.360264					 0.0501045
0.752754					 0.360265					 0.0485732
0.803231					 0.360583					 0.0474603
0.853747					 0.360834					 0.0460118
0.903962					 0.361406					 0.0445387
0.954592					 0.361944					 0.0429677
1.00514					 0.362415					 0.0410815
1.05615					 0.363416					 0.0394867
1.10782					 0.36519					 0.0378191
1.15972					 0.368585					 0.0357736
1.21154					 0.372872					 0.032499
1.26236					 0.37751					 0.0277827
1.31429					 0.385266					 0.0224828
1.36672					 0.39678					 0.0166705
1.41863					 0.410868					 0.00813974
1.46922					 0.423469					 0.00058096
1.51675					 0.433464					 -0.00457458
1.56657					 0.447236					 -0.00687757
1.61622					 0.464152					 -0.00701605
1.66516					 0.480283					 -0.00652946
1.70988					 0.493894					 -0.00604362
1.74921					 0.503211					 -0.0057445
1.79239					 0.513457					 -0.0055221
1.83751					 0.521739					 -0.00538052
1.88268					 0.525827					 -0.00531951
1.91825					 0.528657					 -0.00529726
1.94528					 0.530768					 -0.0052937
-0.000901248					 0.375735					 0.116174
0.0500525					 0.377152					 0.114694
0.100827					 0.378192					 0.113779
0.151523					 0.378951					 0.11303
0.201958					 0.379667					 0.112162
0.252317					 0.380316					 0.111162
0.302575					 0.380896					 0.110226
0.352823					 0.381542					 0.109182
0.403093					 0.382272					 0.107997
0.45329					 0.383142					 0.106783
0.503619					 0.384097					 0.105409
0.553749					 0.384896					 0.104316
0.603955					 0.386096					 0.102647
0.654349					 0.387358					 0.100942
0.704662					 0.388712					 0.099157
0.755181					 0.390315					 0.0970464
0.805446					 0.391688					 0.0953659
0.855765					 0.393512					 0.0930379
0.906519					 0.395592					 0.0904636
0.957293					 0.397997					 0.0876424
1.00848					 0.400998					 0.08406
1.05971					 0.404664					 0.0805858
1.1111					 0.409693					 0.0761252
1.16238					 0.416622					 0.0708652
1.21391					 0.425289					 0.0628721
1.26598					 0.435047					 0.0524041
1.31724					 0.447767					 0.0407453
1.36807					 0.462291					 0.0281133
1.41877					 0.479211					 0.0161994
1.47029					 0.494968					 0.00629462
1.52059					 0.509593					 -0.000974715
1.57044					 0.530062					 -0.00497782
1.61884					 0.554698					 -0.00603806
1.66617					 0.581545					 -0.00609278
1.70905					 0.604468					 -0.00576283
1.74625					 0.62099					 -0.00553419
1.78573					 0.63831					 -0.005354
1.82714					 0.650969					 -0.00526335
1.86928					 0.657623					 -0.00524337
1.90189					 0.661384					 -0.0052524
1.92687					 0.663811					 -0.00526712
0.00182734					 0.387983					 0.163598
0.0520473					 0.38955					 0.16173
0.102367					 0.39095					 0.16043
0.152663					 0.392207					 0.159433
0.203038					 0.393339					 0.1583
0.253406					 0.394579					 0.157274
0.303662					 0.395865					 0.156138
0.353964					 0.397247					 0.154841
0.404307					 0.398822					 0.153428
0.454622					 0.400497					 0.151823
0.504915					 0.402464					 0.150141
0.555241					 0.404647					 0.148359
0.605621					 0.407074					 0.146154
0.655983					 0.409837					 0.143585
0.70634					 0.412786					 0.140841
0.756744					 0.415965					 0.137792
0.80721					 0.419504					 0.134524
0.857733					 0.423318					 0.130661
0.90822					 0.427636					 0.125967
0.958816					 0.432363					 0.120751
1.00936					 0.437642					 0.114852
1.06014					 0.443813					 0.108084
1.11128					 0.451166					 0.100091
1.16233					 0.459756					 0.090124
1.21313					 0.469388					 0.0784519
1.26297					 0.479847					 0.0656488
1.31366					 0.492818					 0.0522145
1.36532					 0.508848					 0.0388913
1.417					 0.527606					 0.0261351
1.46864					 0.548104					 0.0149687
1.51828					 0.568908					 0.00581234
1.56853					 0.597834					 -0.000603616
1.6174					 0.633886					 -0.00383004
1.66422					 0.673968					 -0.0051506
1.70574					 0.710211					 -0.00530593
1.74119					 0.735707					 -0.00527715
1.77699					 0.762297					 -0.00513519
1.81526					 0.780472					 -0.00512416
1.85421					 0.789548					 -0.00516105
1.88514					 0.793808					 -0.00520816
1.90873					 0.796237					 -0.00524612
0.00353717					 0.401273					 0.211028
0.0535953					 0.402987					 0.209351
0.103691					 0.404617					 0.207904
0.153856					 0.406216					 0.206675
0.204124					 0.407881					 0.205446
0.254412					 0.409601					 0.204214
0.304745					 0.411545					 0.202897
0.355078					 0.413658					 0.20139
0.405433					 0.415971					 0.199707
0.455798					 0.418611					 0.197795
0.506207					 0.421605					 0.195656
0.556647					 0.425043					 0.193298
0.607112					 0.428801					 0.190498
0.657505					 0.432882					 0.187301
0.707929					 0.437396					 0.183711
0.758367					 0.442322					 0.179558
0.808808					 0.447768					 0.175009
0.859245					 0.453725					 0.169579
0.909629					 0.460027					 0.163336
0.959979					 0.466962					 0.156137
1.01022					 0.474501					 0.147806
1.06047					 0.482989					 0.138243
1.11072					 0.492594					 0.126955
1.16068					 0.503126					 0.114172
1.21037					 0.51448					 0.0999504
1.25963					 0.526561					 0.085005
1.30929					 0.540939					 0.0692527
1.35971					 0.558297					 0.0534244
1.41024					 0.578872					 0.0385857
1.46114					 0.6023					 0.0253154
1.51103					 0.627748					 0.0140756
1.561					 0.662912					 0.00531067
1.60983					 0.708684					 -0.000211027
1.65647					 0.762599					 -0.00335394
1.69822					 0.814792					 -0.00453734
1.73313					 0.852247					 -0.00493235
1.76652					 0.891108					 -0.00489571
1.80277					 0.914377					 -0.00494239
1.84166					 0.923809					 -0.00507259
1.87266					 0.927402					 -0.00517043
1.89574					 0.929232					 -0.00523434
0.00489964					 0.415121					 0.25883
0.0548316					 0.416925					 0.257146
0.104807					 0.418769					 0.25559
0.154892					 0.420705					 0.254164
0.205071					 0.422788					 0.252789
0.255341					 0.425072					 0.251367
0.305675					 0.427607					 0.249808
0.356041					 0.430435					 0.248044
0.406453					 0.433598					 0.246039
0.456854					 0.437152					 0.243775
0.507367					 0.441161					 0.241212
0.557869					 0.445767					 0.238178
0.608451					 0.450942					 0.23475
0.658851					 0.456418					 0.230748
0.709328					 0.462485					 0.226221
0.759764					 0.469087					 0.221069
0.810173					 0.476417					 0.214998
0.860558					 0.484413					 0.208049
0.910739					 0.492678					 0.200009
0.960824					 0.501669					 0.190772
1.01061					 0.511274					 0.180289
1.06024					 0.521765					 0.168066
1.10964					 0.533338					 0.153962
1.15853					 0.545456					 0.138238
1.20695					 0.55818					 0.121479
1.2548					 0.571381					 0.104284
1.30291					 0.586546					 0.0864003
1.35155					 0.60446					 0.0686522
1.40014					 0.625226					 0.0520311
1.44921					 0.649711					 0.0371075
1.49803					 0.677353					 0.0241581
1.54699					 0.7166					 0.013577
1.59539					 0.769923					 0.00586921
1.6409					 0.829797					 0.0004675
1.68408					 0.909168					 -0.00251756
1.72286					 0.963785					 -0.00418561
1.74897					 1.04231					 -0.0044927
1.79052					 1.05562					 -0.00480603
1.8314					 1.06013					 -0.00498914
1.8633					 1.06232					 -0.00514652
1.88659					 1.06341					 -0.00523147
0.00601077					 0.428937					 0.30686
0.0559102					 0.43085					 0.305164
0.105853					 0.432887					 0.303546
0.155878					 0.435125					 0.301986
0.206003					 0.437605					 0.300418
0.256242					 0.440388					 0.29878
0.306576					 0.443517					 0.296979
0.356976					 0.447039					 0.294943
0.407437					 0.450999					 0.292617
0.457864					 0.455446					 0.289957
0.508482					 0.460473					 0.286909
0.559038					 0.466266					 0.283303
0.609703					 0.472789					 0.279206
0.660147					 0.479651					 0.274455
0.71066					 0.487254					 0.269005
0.761119					 0.495503					 0.262759
0.811489					 0.504675					 0.25535
0.861775					 0.514647					 0.246859
0.911837					 0.524871					 0.237132
0.961664					 0.535893					 0.22594
1.01098					 0.547465					 0.213321
1.05999					 0.559905					 0.198581
1.10847					 0.573414					 0.181716
1.15624					 0.587295					 0.163231
1.2032					 0.601491					 0.143954
1.24939					 0.615609					 0.124503
1.29543					 0.631307					 0.10445
1.34144					 0.649433					 0.0846854
1.38751					 0.670134					 0.0661569
1.43396					 0.694541					 0.0496369
1.48056					 0.721955					 0.0352866
1.52779					 0.760677					 0.0230933
1.57595					 0.816157					 0.0133213
1.62156					 0.88252					 0.00568361
1.66901					 0.993645					 0.000326756
1.7076					 1.05376					 -0.00292712
1.73268					 1.19252					 -0.00416488
1.77884					 1.19679					 -0.00457935
1.82511					 1.1957					 -0.00497993
1.85741					 1.19565					 -0.00514014
1.88068					 1.19485					 -0.00523364
0.00678402					 2.1379					 0.313423
0.0566847					 2.13603					 0.31111
0.106599					 2.134					 0.308784
0.156551					 2.13173					 0.306419
0.206573					 2.12916					 0.303961
0.256678					 2.12625					 0.301321
0.306864					 2.12294					 0.298414
0.357118					 2.11926					 0.295176
0.407446					 2.11516					 0.291532
0.457749					 2.11063					 0.287398
0.508237					 2.10552					 0.282615
0.558627					 2.09981					 0.277131
0.609071					 2.09356					 0.270896
0.65929					 2.08685					 0.263861
0.709472					 2.07965					 0.255905
0.759491					 2.07192					 0.246922
0.809298					 2.06361					 0.236783
0.858844					 2.05479					 0.225475
0.908121					 2.04557					 0.213004
0.957035					 2.03593					 0.199317
1.00538					 2.02586					 0.184405
1.05338					 2.01516					 0.168118
1.10099					 2.0036					 0.150788
1.1481					 1.99135					 0.132751
1.19481					 1.97836					 0.114785
1.24113					 1.96465					 0.0974217
1.28724					 1.94897					 0.0803258
1.33476					 1.92896					 0.0638864
1.38116					 1.90593					 0.0493556
1.42837					 1.87847					 0.0365459
1.47556					 1.84721					 0.0256068
1.52182					 1.80635					 0.0165416
1.57434					 1.73917					 0.00866274
1.61844					 1.66815					 0.00320032
1.66693					 1.55368					 -0.00100012
1.70713					 1.50649					 -0.00328
1.73269					 1.34861					 -0.00381243
1.77835					 1.34008					 -0.00461197
1.82417					 1.33692					 -0.00500575
1.8562					 1.33438					 -0.0051544
1.87932					 1.33333					 -0.00524689
0.00579029					 2.16435					 0.271041
0.0557108					 2.16261					 0.268787
0.10565					 2.16078					 0.266589
0.15565					 2.15878					 0.264441
0.205722					 2.15658					 0.262265
0.255873					 2.15411					 0.259979
0.30609					 2.15134					 0.25749
0.356355					 2.14826					 0.25473
0.406681					 2.14486					 0.251635
0.456998					 2.14108					 0.248144
0.507441					 2.13686					 0.244152
0.557822					 2.1321					 0.239515
0.60827					 2.12684					 0.234253
0.658522					 2.12135					 0.228316
0.708773					 2.11533					 0.221608
0.758921					 2.10886					 0.214085
0.808942					 2.10182					 0.20547
0.858819					 2.09421					 0.195831
0.90848					 2.08638					 0.185223
0.957921					 2.07795					 0.173438
1.00702					 2.069					 0.160588
1.05592					 2.05934					 0.146374
1.10468					 2.04853					 0.130955
1.15318					 2.03691					 0.114846
1.20151					 2.02437					 0.0985712
1.24965					 2.01091					 0.0826096
1.29814					 1.9951					 0.0668248
1.3474					 1.97512					 0.0519107
1.39651					 1.95117					 0.0384783
1.44594					 1.92292					 0.0267942
1.49512					 1.89031					 0.0168721
1.54372					 1.84837					 0.00882586
1.59162					 1.78936					 0.00316358
1.63693					 1.72271					 -0.000872917
1.68028					 1.63775					 -0.00305022
1.7188					 1.57733					 -0.00497922
1.7466					 1.49817					 -0.00444138
1.7873					 1.48161					 -0.00486452
1.82777					 1.47331					 -0.00504203
1.8591					 1.46946					 -0.00518851
1.88198					 1.46757					 -0.00527024
0.00476232					 2.19071					 0.228561
0.0546877					 2.18912					 0.226372
0.104636					 2.18752					 0.224308
0.154668					 2.18583					 0.222379
0.204794					 2.18401					 0.220501
0.255002					 2.18201					 0.218575
0.305255					 2.1798					 0.216496
0.355537					 2.17737					 0.214203
0.405854					 2.17467					 0.211646
0.456162					 2.17169					 0.208781
0.506567					 2.16836					 0.205538
0.556956					 2.16462					 0.201777
0.607415					 2.16046					 0.197508
0.657694					 2.15611					 0.192661
0.708017					 2.15131					 0.187212
0.758295					 2.14611					 0.181106
0.808539					 2.1404					 0.174128
0.858752					 2.13413					 0.166272
0.908789					 2.1276					 0.157517
0.958766					 2.12039					 0.147705
1.00854					 2.11257					 0.136879
1.05834					 2.10384					 0.124781
1.10822					 2.09385					 0.111444
1.15795					 2.08282					 0.097282
1.20763					 2.07077					 0.0826918
1.25698					 2.05786					 0.0681954
1.30712					 2.04204					 0.0538003
1.35821					 2.02226					 0.0402123
1.40917					 1.99839					 0.0280306
1.46023					 1.97098					 0.0175626
1.50991					 1.94142					 0.00892427
1.55933					 1.9009					 0.00240074
1.60725					 1.84902					 -0.00158971
1.6531					 1.78951					 -0.0039265
1.69455					 1.73261					 -0.0047978
1.72911					 1.69179					 -0.00506967
1.763					 1.65285					 -0.00496383
1.79793					 1.62493					 -0.00499629
1.83564					 1.61182					 -0.0051423
1.86599					 1.60702					 -0.00523966
1.88853					 1.60525					 -0.00530114
0.00345221					 2.21694					 0.186218
0.0534748					 2.21548					 0.184104
0.103505					 2.21412					 0.1822
0.153623					 2.21275					 0.180566
0.203824					 2.21132					 0.179039
0.254095					 2.2098					 0.177505
0.304392					 2.20817					 0.175852
0.354685					 2.20639					 0.174016
0.404983					 2.20441					 0.171994
0.455269					 2.2022					 0.169776
0.505658					 2.19974					 0.167194
0.556028					 2.19701					 0.164435
0.606438					 2.19397					 0.161132
0.656785					 2.19073					 0.157407
0.707169					 2.18713					 0.153245
0.757585					 2.18319					 0.148477
0.808017					 2.17879					 0.143334
0.858484					 2.17392					 0.137309
0.90892					 2.16864					 0.130491
0.959369					 2.16269					 0.122752
1.00975					 2.15607					 0.113962
1.06027					 2.14835					 0.104131
1.11103					 2.13927					 0.0929892
1.16169					 2.1289					 0.0808825
1.21236					 2.11754					 0.0679524
1.26264					 2.10554					 0.0548895
1.31374					 2.09045					 0.0418686
1.36571					 2.07168					 0.0295999
1.41766					 2.04932					 0.0187382
1.46942					 2.02482					 0.00968568
1.51909					 1.99985					 0.00256642
1.5686					 1.96563					 -0.00225985
1.61621					 1.92358					 -0.00452515
1.66203					 1.87781					 -0.00544529
1.70286					 1.83718					 -0.0054915
1.73766					 1.80885					 -0.00540618
1.77227					 1.77841					 -0.00523639
1.80886					 1.75614					 -0.00522131
1.84659					 1.7438					 -0.00525267
1.87651					 1.73805					 -0.00529999
1.89893					 1.73479					 -0.00533737
0.00195764					 2.24235					 0.143792
0.0520037					 2.24112					 0.141547
0.102144					 2.24					 0.139775
0.152526					 2.23894					 0.138527
0.202798					 2.23793					 0.137353
0.253103					 2.2369					 0.136206
0.303455					 2.23584					 0.134934
0.353744					 2.23473					 0.133454
0.404001					 2.23349					 0.131861
0.454238					 2.23207					 0.130253
0.504597					 2.23051					 0.128447
0.554943					 2.22873					 0.126433
0.60531					 2.22687					 0.12409
0.655652					 2.22473					 0.12126
0.706071					 2.22237					 0.118312
0.756541					 2.21976					 0.115065
0.807139					 2.21675					 0.111472
0.857879					 2.2134					 0.107422
0.908541					 2.20956					 0.102345
0.95939					 2.20509					 0.0967303
1.01018					 2.19991					 0.0903745
1.06129					 2.19354					 0.082977
1.11287					 2.18565					 0.0745041
1.16446					 2.17645					 0.0642702
1.2158					 2.1663					 0.0530928
1.26612					 2.15576					 0.0415234
1.31769					 2.14211					 0.0301515
1.37019					 2.12507					 0.0197337
1.42269					 2.10547					 0.0104738
1.47447					 2.08505					 0.00315953
1.52334					 2.06554					 -0.00221045
1.57268					 2.03857					 -0.00529958
1.62039					 2.00608					 -0.00622926
1.66657					 1.97234					 -0.00624366
1.70792					 1.94388					 -0.00590659
1.74338					 1.92359					 -0.00567989
1.78067					 1.90225					 -0.005474
1.81955					 1.88536					 -0.00537989
1.85826					 1.87506					 -0.00535854
1.88886					 1.86942					 -0.00536515
1.91217					 1.86637					 -0.00537939
-0.000734247					 2.26734					 0.101915
0.050267					 2.26638					 0.100388
0.100954					 2.26555					 0.099098
0.151579					 2.26493					 0.0982306
0.201891					 2.26439					 0.0973897
0.252192					 2.26387					 0.0966178
0.302562					 2.26339					 0.0957428
0.352821					 2.26294					 0.0946903
0.403033					 2.26241					 0.0936045
0.453227					 2.26177					 0.0926034
0.503519					 2.26099					 0.0915421
0.553845					 2.26027					 0.0903319
0.604097					 2.25946					 0.0889584
0.65447					 2.25852					 0.0872755
0.704923					 2.25742					 0.0856526
0.755421					 2.25608					 0.0839211
0.806112					 2.25456					 0.0821149
0.856879					 2.2527					 0.0800648
0.907873					 2.25036					 0.0773385
0.95907					 2.24738					 0.0743369
1.01032					 2.24362					 0.0708001
1.06199					 2.23842					 0.0664916
1.11394					 2.23151					 0.0609643
1.16521					 2.22227					 0.0541649
1.21668					 2.2121					 0.0445612
1.26878					 2.20217					 0.0333578
1.32012					 2.18951					 0.022187
1.37132					 2.17555					 0.0118719
1.42262					 2.15941					 0.00338556
1.47392					 2.14475					 -0.00242878
1.52305					 2.13153					 -0.00609006
1.57205					 2.11295					 -0.00746237
1.61988					 2.09115					 -0.00725569
1.66689					 2.06851					 -0.00672127
1.70997					 2.04997					 -0.00621489
1.74766					 2.03668					 -0.00590158
1.78828					 2.02288					 -0.00567141
1.8302					 2.01134					 -0.00552265
1.87232					 2.00406					 -0.00545908
1.90484					 1.99946					 -0.00543306
1.92981					 1.99636					 -0.00542696
-0.000126384					 2.29588					 0.0520663
0.049628					 2.29456					 0.051433
0.100077					 2.29416					 0.0508554
0.150848					 2.29402					 0.0501191
0.200891					 2.29393					 0.0494424
0.251074					 2.29393					 0.0488345
0.301496					 2.29389					 0.0481535
0.35164					 2.29377					 0.0473736
0.401708					 2.29368					 0.0466258
0.451758					 2.29364					 0.0458634
0.501901					 2.29379					 0.0449512
0.552282					 2.29352					 0.0442862
0.602461					 2.29347					 0.0432937
0.652559					 2.2932					 0.0424216
0.702905					 2.29303					 0.0414571
0.753156					 2.29302					 0.040246
0.803749					 2.29251					 0.0395273
0.854458					 2.29207					 0.0384188
0.905013					 2.29133					 0.0372212
0.955978					 2.29032					 0.0359144
1.00693					 2.28926					 0.0342333
1.05839					 2.28709					 0.0326973
1.11054					 2.28364					 0.0308371
1.16287					 2.27829					 0.027994
1.21466					 2.27229					 0.0237522
1.26489					 2.26653					 0.0184126
1.3165					 2.25708					 0.0127927
1.36844					 2.24371					 0.00587037
1.42039					 2.23111					 -0.00143783
1.47078					 2.22037					 -0.00573115
1.51751					 2.21183					 -0.0079382
1.56679					 2.19961					 -0.00835785
1.61615					 2.18473					 -0.007751
1.66498					 2.17131					 -0.00700406
1.71001					 2.16017					 -0.00644076
1.7497					 2.15252					 -0.00609896
1.79357					 2.14392					 -0.0058332
1.83909					 2.1364					 -0.00564573
1.88433					 2.13223					 -0.0055441
1.92004					 2.12902					 -0.00549508
1.94722					 2.12678					 -0.00547485
0					 2.25522					 0.00119627
0.05					 2.25522					 0.000983193
0.1					 2.25522					 0.000396811
0.15					 2.25522					 -0.000354008
0.2					 2.25522					 -0.00109559
0.25					 2.25522					 -0.00190969
0.3					 2.25522					 -0.00265942
0.35					 2.25522					 -0.00334185
0.4					 2.25522					 -0.00408731
0.45					 2.25522					 -0.00494391
0.5					 2.25522					 -0.0058074
0.55					 2.25522					 -0.00676679
0.6					 2.25522					 -0.00765373
0.65					 2.25522					 -0.00853791
0.7					 2.25522					 -0.00953816
0.75					 2.25522					 -0.0105337
0.8					 2.25522					 -0.0116997
0.85					 2.25522					 -0.0128293
0.9					 2.25522					 -0.0139093
0.95					 2.25522					 -0.0151262
1					 2.25522					 -0.0163533
1.05					 2.25522					 -0.0176332
1.1					 2.25522					 -0.0189668
1.15					 2.25522					 -0.0198263
1.2					 2.25522					 -0.0200415
1.25					 2.25522					 -0.0200704
1.3					 2.25522					 -0.0192985
1.35					 2.25522					 -0.0172494
1.4					 2.25522					 -0.0147223
1.45					 2.25522					 -0.0125653
1.5					 2.25522					 -0.0112797
1.55					 2.25522					 -0.00966695
1.6					 2.25522					 -0.00825288
1.65					 2.25522					 -0.00727796
1.7					 2.25522					 -0.00666369
1.75					 2.25522					 -0.00631965
1.8					 2.25522					 -0.00600014
1.85					 2.25522					 -0.00576029
1.9					 2.25522					 -0.00562092
1.95					 2.25522					 -0.00555529
2					 2.25522					 -0.00552614
0					 2.38788					 -0.000304147
0.05					 2.38788					 -0.000511582
0.1					 2.38788					 -0.000895724
0.15					 2.38788					 -0.00150293
0.2					 2.38788					 -0.00217649
0.25					 2.38788					 -0.00289503
0.3					 2.38788					 -0.00362248
0.35					 2.38788					 -0.00433304
0.4					 2.38788					 -0.00506692
0.45					 2.38788					 -0.00586017
0.5					 2.38788					 -0.00658323
0.55					 2.38788					 -0.00754952
0.6					 2.38788					 -0.00835875
0.65					 2.38788					 -0.00926325
0.7					 2.38788					 -0.01016
0.75					 2.38788					 -0.0110097
0.8					 2.38788					 -0.0120227
0.85					 2.38788					 -0.0129031
0.9					 2.38788					 -0.0138308
0.95					 2.38788					 -0.0146779
1					 2.38788					 -0.0155369
1.05					 2.38788					 -0.0162409
1.1					 2.38788					 -0.016715
1.15					 2.38788					 -0.0168653
1.2					 2.38788					 -0.0169601
1.25					 2.38788					 -0.0169658
1.3					 2.38788					 -0.0161515
1.35					 2.38788					 -0.0147354
1.4					 2.38788					 -0.0130459
1.45					 2.38788					 -0.0116733
1.5					 2.38788					 -0.0106773
1.55					 2.38788					 -0.00953342
1.6					 2.38788					 -0.00839419
1.65					 2.38788					 -0.00744069
1.7					 2.38788					 -0.00679903
1.75					 2.38788					 -0.00642603
1.8					 2.38788					 -0.00609021
1.85					 2.38788					 -0.00583026
1.9					 2.38788					 -0.00567076
1.95					 2.38788					 -0.00559582
2					 2.38788					 -0.0055628
0					 2.52054					 0.0002679
0.05					 2.52054					 -0.00015463
0.1					 2.52054					 -0.000581155
0.15					 2.52054					 -0.00115941
0.2					 2.52054					 -0.00183184
0.25					 2.52054					 -0.00254522
0.3					 2.52054					 -0.0032769
0.35					 2.52054					 -0.00401864
0.4					 2.52054					 -0.0047772
0.45					 2.52054					 -0.00556971
0.5					 2.52054					 -0.00631001
0.55					 2.52054					 -0.00727392
0.6					 2.52054					 -0.00819643
0.65					 2.52054					 -0.00907386
0.7					 2.52054					 -0.0100028
0.75					 2.52054					 -0.01085
0.8					 2.52054					 -0.011955
0.85					 2.52054					 -0.0129844
0.9					 2.52054					 -0.0139531
0.95					 2.52054					 -0.0149283
1					 2.52054					 -0.0157239
1.05					 2.52054					 -0.0165797
1.1					 2.52054					 -0.0172521
1.15					 2.52054					 -0.0178778
1.2					 2.52054					 -0.018058
1.25					 2.52054					 -0.0178765
1.3					 2.52054					 -0.0170724
1.35					 2.52054					 -0.0154535
1.4					 2.52054					 -0.013706
1.45					 2.52054					 -0.0121448
1.5					 2.52054					 -0.0110182
1.55					 2.52054					 -0.00974073
1.6					 2.52054					 -0.00850731
1.65					 2.52054					 -0.00753967
1.7					 2.52054					 -0.00687855
1.75					 2.52054					 -0.00647392
1.8					 2.52054					 -0.00613064
1.85					 2.52054					 -0.00586802
1.9					 2.52054					 -0.00569878
1.95					 2.52054					 -0.00561753
2					 2.52054					 -0.00557989
0					 2.65321					 -0.000325266
0.05					 2.65321					 -0.000607768
0.1					 2.65321					 -0.00100464
0.15					 2.65321					 -0.00156567
0.2					 2.65321					 -0.00220976
0.25					 2.65321					 -0.00291365
0.3					 2.65321					 -0.00363766
0.35					 2.65321					 -0.00437449
0.4					 2.65321					 -0.00512686
0.45					 2.65321					 -0.00591367
0.5					 2.65321					 -0.00661821
0.55					 2.65321					 -0.00760004
0.6					 2.65321					 -0.00854073
0.65					 2.65321					 -0.00937388
0.7					 2.65321					 -0.0102842
0.75					 2.65321					 -0.0110952
0.8					 2.65321					 -0.0121809
0.85					 2.65321					 -0.0132151
0.9					 2.65321					 -0.014086
0.95					 2.65321					 -0.014989
1					 2.65321					 -0.0157492
1.05					 2.65321					 -0.016508
1.1					 2.65321					 -0.0171693
1.15					 2.65321					 -0.0175569
1.2					 2.65321					 -0.0176194
1.25					 2.65321					 -0.0174034
1.3					 2.65321					 -0.0166134
1.35					 2.65321					 -0.0152075
1.4					 2.65321					 -0.0134882
1.45					 2.65321					 -0.0120107
1.5					 2.65321					 -0.0109568
1.55					 2.65321					 -0.00973997
1.6					 2.65321					 -0.00853742
1.65					 2.65321					 -0.00756377
1.7					 2.65321					 -0.00690197
1.75					 2.65321					 -0.00652072
1.8					 2.65321					 -0.00616532
1.85					 2.65321					 -0.00588455
1.9					 2.65321					 -0.00571027
1.95					 2.65321					 -0.00562822
2					 2.65321					 -0.00559243
0					 0					 0.0268571
0.05					 0					 0.0248567
0.1					 0					 0.0238594
0.15					 0					 0.023115
0.2					 0					 0.0229391
0.25					 0					 0.0221352
0.3					 0					 0.0209938
0.35					 0					 0.0199349
0.4					 0					 0.0185154
0.45					 0					 0.0181911
0.5					 0					 0.0172697
0.55					 0					 0.0159743
0.6					 0					 0.0147148
0.65					 0					 0.0130078
0.7					 0					 0.0117422
0.75					 0					 0.0111637
0.8					 0					 0.00922082
0.85					 0					 0.00827045
0.9					 0					 0.00651282
0.95					 0					 0.00532145
1					 0					 0.00496606
1.05					 0					 0.00404992
1.1					 0					 0.00366267
1.15					 0					 0.00213206
1.2					 0					 0.0015294
1.25					 0					 0.00150502
1.3					 0					 0.00207757
1.35					 0					 0.00376225
1.4					 0					 0.00441112
1.45					 0					 0.00548627
1.5					 0					 0.00635706
1.55					 0					 0.00738274
1.6					 0					 0.0088538
1.65					 0					 0.00874545
1.7					 0					 0.00892137
1.75					 0					 0.00897681
1.8					 0					 0.00915436
1.85					 0					 0.0098775
1.9					 0					 0.00939157
1.95					 0					 0.00991926
2					 0					 0.0104483
0					 0.13266					 0.0247169
0.05					 0.13266					 0.0229748
0.1					 0.13266					 0.0219228
0.15					 0.13266					 0.0211241
0.2					 0.13266					 0.020782
0.25					 0.13266					 0.0203852
0.3					 0.13266					 0.0192416
0.35					 0.13266					 0.01781
0.4					 0.13266					 0.0165374
0.45					 0.13266					 0.0160562
0.5					 0.13266					 0.0155685
0.55					 0.13266					 0.0147333
0.6					 0.13266					 0.0130153
0.65					 0.13266					 0.0114781
0.7					 0.13266					 0.0101713
0.75					 0.13266					 0.00950331
0.8					 0.13266					 0.00813873
0.85					 0.13266					 0.00660505
0.9					 0.13266					 0.00502017
0.95					 0.13266					 0.00375103
1					 0.13266					 0.00334496
1.05					 0.13266					 0.00291859
1.1					 0.13266					 0.0024416
1.15					 0.13266					 0.000974084
1.2					 0.13266					 -0.000258378
1.25					 0.13266					 -0.000185319
1.3					 0.13266					 0.00105183
1.35					 0.13266					 0.00284429
1.4					 0.13266					 0.00371313
1.45					 0.13266					 0.00430787
1.5					 0.13266					 0.00510498
1.55					 0.13266					 0.00666541
1.6					 0.13266					 0.00788969
1.65					 0.13266					 0.00763552
1.7					 0.13266					 0.00715583
1.75					 0.13266					 0.00700441
1.8					 0.13266					 0.007477
1.85					 0.13266					 0.00797795
1.9					 0.13266					 0.00754837
1.95					 0.13266					 0.00764412
2					 0.13266					 0.00777038
0					 0.265321					 0.0217244
0.05					 0.265321					 0.0203541
0.1					 0.265321					 0.0194315
0.15					 0.265321					 0.0186134
0.2					 0.265321					 0.0182798
0.25					 0.265321					 0.0174781
0.3					 0.265321					 0.0164222
0.35					 0.265321					 0.0154173
0.4					 0.265321					 0.0141709
0.45					 0.265321					 0.0137455
0.5					 0.265321					 0.01287
0.55					 0.265321					 0.0117095
0.6					 0.265321					 0.0105472
0.65					 0.265321					 0.00903369
0.7					 0.265321					 0.00786618
0.75					 0.265321					 0.00720012
0.8					 0.265321					 0.00554196
0.85					 0.265321					 0.00464651
0.9					 0.265321					 0.00311403
0.95					 0.265321					 0.00208952
1					 0.265321					 0.00175506
1.05					 0.265321					 0.00108879
1.1					 0.265321					 0.000916043
1.15					 0.265321					 -9.85468e-05
1.2					 0.265321					 -0.000345725
1.25					 0.265321					 -8.62392e-05
1.3					 0.265321					 0.000947937
1.35					 0.265321					 0.00289718
1.4					 0.265321					 0.00369031
1.45					 0.265321					 0.00463109
1.5					 0.265321					 0.00530171
1.55					 0.265321					 0.00577857
1.6					 0.265321					 0.00643487
1.65					 0.265321					 0.00575251
1.7					 0.265321					 0.00540875
1.75					 0.265321					 0.00511567
1.8					 0.265321					 0.00496317
1.85					 0.265321					 0.00530791
1.9					 0.265321					 0.004833
1.95					 0.265321					 0.00500986
2					 0.265321					 0.00541084
0					 0.397981					 0.0228405
0.05					 0.397981					 0.021063
0.1					 0.397981					 0.0202126
0.15					 0.397981					 0.0192221
0.2					 0.397981					 0.0186687
0.25					 0.397981					 0.0181759
0.3					 0.397981					 0.0171297
0.35					 0.397981					 0.0158711
0.4					 0.397981					 0.0147694
0.45					 0.397981					 0.0141741
0.5					 0.397981					 0.0140004
0.55					 0.397981					 0.0127242
0.6					 0.397981					 0.0118121
0.65					 0.397981					 0.00996866
0.7					 0.397981					 0.00873674
0.75					 0.397981					 0.00829259
0.8					 0.397981					 0.00663177
0.85					 0.397981					 0.00581419
0.9					 0.397981					 0.00384973
0.95					 0.397981					 0.00260627
1					 0.397981					 0.00224064
1.05					 0.397981					 0.00156429
1.1					 0.397981					 0.00146418
1.15					 0.397981					 -0.000133536
1.2					 0.397981					 -0.0010353
1.25					 0.397981					 -0.000897493
1.3					 0.397981					 0.0014485
1.35					 0.397981					 0.00473358
1.4					 0.397981					 0.00739144
1.45					 0.397981					 0.00911927
1.5					 0.397981					 0.0111131
1.55					 0.397981					 0.0125425
1.6					 0.397981					 0.0117668
1.65					 0.397981					 0.00959411
1.7					 0.397981					 0.00773093
1.75					 0.397981					 0.00685667
1.8					 0.397981					 0.00635512
1.85					 0.397981					 0.00616805
1.9					 0.397981					 0.00550256
1.95					 0.397981					 0.00519017
2					 0.397981					 0.00506037
-0.00518231					 0.334213					 0.0714005
0.0487365					 0.335048					 0.0709124
0.100595					 0.335272					 0.0703886
0.150893					 0.334952					 0.0696526
0.201743					 0.334547					 0.0688185
0.252173					 0.334929					 0.0684767
0.301581					 0.335088					 0.0680254
0.351883					 0.334974					 0.0672871
0.402386					 0.335324					 0.0668845
0.452873					 0.335329					 0.0662659
0.503567					 0.336268					 0.0658771
0.552839					 0.336397					 0.0659
0.602705					 0.336866					 0.0650948
0.65376					 0.337125					 0.0646266
0.703876					 0.337571					 0.0641341
0.755011					 0.338371					 0.0633506
0.804844					 0.339008					 0.0634263
0.85487					 0.339823					 0.062808
0.906114					 0.340687					 0.062299
0.956741					 0.341927					 0.0619167
1.00829					 0.343733					 0.0612171
1.05959					 0.346139					 0.0610768
1.11134					 0.349474					 0.0608623
1.16335					 0.353724					 0.0603345
1.21559					 0.359103					 0.0587392
1.26745					 0.364919					 0.0559573
1.31952					 0.373967					 0.053154
1.37162					 0.385864					 0.0501794
1.42292					 0.4001					 0.0458908
1.47302					 0.415061					 0.0399777
1.52145					 0.427097					 0.0338729
1.5704					 0.443047					 0.0265236
1.61805					 0.460588					 0.0200392
1.66476					 0.477416					 0.0145039
1.7092					 0.492553					 0.0107848
1.75045					 0.501792					 0.00903735
1.79386					 0.511142					 0.0074892
1.83746					 0.518866					 0.00681521
1.8817					 0.522705					 0.0063304
1.91953					 0.527026					 0.00648669
1.94963					 0.53133					 0.00662293
0.00246251					 0.330189					 0.123832
0.0521439					 0.331614					 0.122139
0.102117					 0.332604					 0.121218
0.152626					 0.333475					 0.120919
0.203001					 0.334196					 0.120469
0.253319					 0.335025					 0.120052
0.303673					 0.335923					 0.119651
0.354022					 0.336838					 0.119167
0.404401					 0.337832					 0.118673
0.454711					 0.338992					 0.118193
0.505283					 0.340339					 0.117743
0.555652					 0.341838					 0.117493
0.606181					 0.34352					 0.11696
0.656746					 0.345447					 0.116242
0.70729					 0.347598					 0.115634
0.758055					 0.349959					 0.114891
0.808731					 0.352697					 0.114486
0.859643					 0.355782					 0.113791
0.910668					 0.359402					 0.112602
0.961908					 0.363568					 0.111419
1.01338					 0.368341					 0.109822
1.06535					 0.37447					 0.108116
1.11816					 0.382117					 0.105911
1.17095					 0.391803					 0.102383
1.22354					 0.402937					 0.0968924
1.27505					 0.414876					 0.0894431
1.32685					 0.430319					 0.0806919
1.37841					 0.448289					 0.070859
1.42877					 0.468382					 0.0600063
1.47858					 0.487686					 0.0489153
1.52757					 0.504419					 0.0393216
1.5755					 0.526802					 0.0298964
1.62173					 0.552285					 0.0224962
1.66651					 0.579154					 0.0160696
1.70865					 0.60351					 0.0116672
1.74748					 0.619847					 0.00961446
1.7874					 0.636077					 0.007711
1.82747					 0.648397					 0.00699823
1.86844					 0.654813					 0.00677121
1.90384					 0.659937					 0.0069745
1.93181					 0.664293					 0.00700639
0.00464406					 0.339309					 0.175334
0.0541623					 0.34116					 0.173645
0.104011					 0.342588					 0.172581
0.154208					 0.343788					 0.172266
0.204667					 0.345035					 0.171961
0.25513					 0.346583					 0.171093
0.305405					 0.348044					 0.17066
0.356007					 0.349613					 0.170302
0.406484					 0.351515					 0.169567
0.457017					 0.353657					 0.168851
0.507722					 0.356048					 0.167867
0.558433					 0.358887					 0.167036
0.609176					 0.361876					 0.166377
0.659962					 0.365349					 0.164992
0.710608					 0.369165					 0.163773
0.761614					 0.373333					 0.162165
0.812585					 0.378234					 0.160471
0.863786					 0.383594					 0.158831
0.915001					 0.389592					 0.15587
0.966307					 0.396387					 0.152738
1.01779					 0.403885					 0.148594
1.06965					 0.412907					 0.143633
1.12219					 0.423566					 0.137631
1.17451					 0.435807					 0.129605
1.22631					 0.448901					 0.119655
1.2768					 0.462326					 0.107796
1.32776					 0.478586					 0.0948588
1.3789					 0.497495					 0.0818249
1.4295					 0.518906					 0.0688988
1.47962					 0.541631					 0.0570219
1.52788					 0.564423					 0.0451093
1.57608					 0.595704					 0.0348877
1.62217					 0.632909					 0.0260697
1.66581					 0.673765					 0.0180641
1.70621					 0.710055					 0.0125054
1.74204					 0.737619					 0.00931914
1.77766					 0.765875					 0.00753259
1.81447					 0.784073					 0.00686164
1.85293					 0.792598					 0.00696695
1.88677					 0.795755					 0.00731528
1.91372					 0.796677					 0.00738931
0.00601808					 0.353011					 0.224077
0.0557799					 0.35488					 0.222543
0.105703					 0.356623					 0.221289
0.155804					 0.358304					 0.220489
0.206177					 0.360124					 0.219714
0.25664					 0.36213					 0.218939
0.307102					 0.364254					 0.218287
0.357719					 0.366631					 0.217517
0.408399					 0.369337					 0.216597
0.459133					 0.372403					 0.215509
0.509994					 0.375831					 0.214261
0.560911					 0.379907					 0.21304
0.61192					 0.384273					 0.211629
0.662834					 0.389218					 0.209643
0.713806					 0.394651					 0.207544
0.764937					 0.400584					 0.20483
0.816094					 0.407554					 0.201924
0.867367					 0.414983					 0.198633
0.918676					 0.423164					 0.194003
0.969963					 0.43219					 0.188754
1.0213					 0.441928					 0.182131
1.07272					 0.453263					 0.174102
1.12442					 0.465992					 0.164747
1.17569					 0.479972					 0.153611
1.22636					 0.494479					 0.141063
1.27606					 0.509328					 0.126862
1.32573					 0.526573					 0.111492
1.37574					 0.546586					 0.0963945
1.42542					 0.569613					 0.0817661
1.4749					 0.595313					 0.0683893
1.52289					 0.622656					 0.0545146
1.57051					 0.660039					 0.0419387
1.61657					 0.707053					 0.0309975
1.65984					 0.761796					 0.0206259
1.7					 0.814209					 0.0129801
1.73434					 0.853473					 0.00850429
1.76702					 0.894841					 0.00670719
1.8017					 0.918176					 0.00630071
1.84021					 0.92712					 0.00675379
1.87438					 0.929248					 0.00738974
1.9007					 0.929683					 0.00763316
0.00704949					 0.36699					 0.272287
0.0569814					 0.368873					 0.270769
0.106982					 0.370821					 0.269437
0.157129					 0.372921					 0.268349
0.207441					 0.375201					 0.267394
0.257902					 0.377714					 0.266479
0.308491					 0.380517					 0.265516
0.35918					 0.383652					 0.264432
0.409979					 0.38718					 0.263192
0.46078					 0.391169					 0.261777
0.511859					 0.395658					 0.260107
0.56292					 0.400928					 0.258275
0.61414					 0.406738					 0.256122
0.665144					 0.413079					 0.253424
0.716322					 0.420136					 0.250319
0.767531					 0.427817					 0.246608
0.818797					 0.436646					 0.242316
0.870107					 0.4462					 0.237218
0.921311					 0.456375					 0.230893
0.972536					 0.467496					 0.223427
1.02343					 0.479332					 0.214612
1.07439					 0.492669					 0.20405
1.12522					 0.507337					 0.191711
1.17543					 0.522823					 0.177543
1.22479					 0.538587					 0.162179
1.27296					 0.55453					 0.14598
1.32104					 0.572514					 0.128791
1.36914					 0.593166					 0.111794
1.41689					 0.616552					 0.0955202
1.4646					 0.64322					 0.0805367
1.51111					 0.673225					 0.0658728
1.55705					 0.713506					 0.0514413
1.60259					 0.767906					 0.0381441
1.64538					 0.829775					 0.0257176
1.68593					 0.90692					 0.0140664
1.72198					 0.973525					 0.00656631
1.7536					 1.03311					 0.00402401
1.78999					 1.05595					 0.00496507
1.83053					 1.06045					 0.0058253
1.86487					 1.06248					 0.00693079
1.89154					 1.06362					 0.00768676
0.00818423					 0.38083					 0.320441
0.0581412					 0.382802					 0.318898
0.108143					 0.384937					 0.317475
0.158262					 0.387345					 0.316226
0.208548					 0.390039					 0.315067
0.259009					 0.39305					 0.313898
0.309626					 0.396457					 0.312674
0.360379					 0.400295					 0.311308
0.411256					 0.404612					 0.309728
0.462096					 0.409489					 0.307906
0.513334					 0.415041					 0.305775
0.564511					 0.421472					 0.303313
0.615891					 0.428645					 0.30049
0.666958					 0.436382					 0.29703
0.71823					 0.444982					 0.292984
0.769509					 0.454389					 0.288205
0.820813					 0.464996					 0.282496
0.872072					 0.476516					 0.275813
0.923211					 0.488653					 0.267768
0.974235					 0.501775					 0.258315
1.02465					 0.515592					 0.247369
1.07503					 0.530827					 0.234271
1.12498					 0.547398					 0.219155
1.17412					 0.564532					 0.202308
1.22197					 0.581771					 0.184562
1.26841					 0.598856					 0.166398
1.31447					 0.61743					 0.147332
1.36005					 0.638302					 0.128491
1.4053					 0.661521					 0.110696
1.45044					 0.68823					 0.0943681
1.49444					 0.717914					 0.0788597
1.53825					 0.758013					 0.0632172
1.58292					 0.817029					 0.0470116
1.62584					 0.883613					 0.0322707
1.66912					 0.987809					 0.0162324
1.70715					 1.06947					 0.00645412
1.73236					 1.18865					 0.002944
1.77909					 1.19222					 0.00424661
1.82446					 1.192					 0.00575887
1.85932					 1.19313					 0.00693496
1.88545					 1.19393					 0.00750927
0.00952524					 2.18035					 0.33972
0.059466					 2.1784					 0.337501
0.109454					 2.17623					 0.335326
0.159551					 2.17372					 0.333211
0.209787					 2.17086					 0.331094
0.260182					 2.16757					 0.328868
0.31073					 2.16381					 0.32643
0.361401					 2.15961					 0.323749
0.41222					 2.15493					 0.320725
0.462971					 2.14975					 0.317307
0.514186					 2.14382					 0.313277
0.565291					 2.13715					 0.308616
0.616564					 2.12986					 0.303332
0.667501					 2.12203					 0.297305
0.718524					 2.11351					 0.290362
0.769417					 2.10435					 0.282509
0.820219					 2.09432					 0.273402
0.870741					 2.08366					 0.263172
0.921065					 2.0725					 0.251799
0.97073					 2.06082					 0.239179
1.0206					 2.04844					 0.22516
1.06928					 2.03543					 0.209848
1.11763					 2.02146					 0.193282
1.16544					 2.00678					 0.176066
1.2124					 1.99155					 0.159002
1.25858					 1.97594					 0.142257
1.30445					 1.95766					 0.125354
1.35023					 1.93674					 0.109497
1.39597					 1.912					 0.0949589
1.44176					 1.88244					 0.0819145
1.48696					 1.84985					 0.068188
1.53175					 1.80325					 0.0539155
1.57789					 1.74005					 0.0402132
1.62213					 1.66819					 0.0278643
1.66648					 1.55671					 0.0142345
1.70434					 1.45942					 0.00330982
1.7322					 1.34548					 0.00298762
1.77836					 1.33697					 0.00431557
1.82361					 1.33347					 0.00570248
1.85814					 1.33251					 0.0068407
1.8841					 1.33318					 0.00736104
0.00846324					 2.20683					 0.297259
0.0583805					 2.20498					 0.29512
0.10837					 2.20298					 0.293106
0.158482					 2.20073					 0.291235
0.208727					 2.19824					 0.28942
0.259135					 2.19539					 0.287574
0.309694					 2.19213					 0.285595
0.360344					 2.18854					 0.283417
0.411124					 2.18455					 0.280956
0.46187					 2.18014					 0.278194
0.512993					 2.17509					 0.274925
0.564036					 2.16933					 0.271212
0.615257					 2.1631					 0.266988
0.666181					 2.15641					 0.262
0.717228					 2.14907					 0.256333
0.768224					 2.1412					 0.249856
0.819188					 2.13235					 0.242389
0.870043					 2.12292					 0.233977
0.92069					 2.11306					 0.224334
0.971173					 2.10248					 0.213533
1.02117					 2.0914					 0.20161
1.07108					 2.07927					 0.188164
1.12073					 2.06604					 0.173602
1.16988					 2.052					 0.158175
1.21845					 2.03736					 0.142618
1.26615					 2.02224					 0.127105
1.31416					 2.004					 0.111425
1.36248					 1.9824					 0.0966496
1.41047					 1.95697					 0.0829892
1.45851					 1.92725					 0.0706008
1.50523					 1.8949					 0.0583113
1.55145					 1.84858					 0.0455346
1.59715					 1.78903					 0.0337292
1.64038					 1.72227					 0.0227343
1.68158					 1.63986					 0.0125203
1.72013					 1.57543					 0.00643307
1.75193					 1.51316					 0.00400378
1.78707					 1.48429					 0.00519786
1.82728					 1.47628					 0.00613759
1.86116					 1.47098					 0.00704721
1.88676					 1.46742					 0.00748712
0.00728574					 2.23328					 0.254554
0.0571509					 2.23157					 0.252499
0.107104					 2.22979					 0.250646
0.157185					 2.22785					 0.249024
0.207428					 2.22574					 0.247541
0.257832					 2.22337					 0.246078
0.308358					 2.22071					 0.244529
0.358963					 2.21778					 0.242836
0.409662					 2.21451					 0.24094
0.460354					 2.21088					 0.238806
0.511358					 2.20674					 0.236293
0.562283					 2.20207					 0.233507
0.613415					 2.19698					 0.230295
0.664275					 2.19143					 0.226425
0.715299					 2.18532					 0.222047
0.766366					 2.17868					 0.216976
0.817417					 2.17122					 0.211239
0.868564					 2.16316					 0.204668
0.919509					 2.15454					 0.196912
0.970478					 2.14517					 0.188119
1.02117					 2.13514					 0.178162
1.07193					 2.12394					 0.166823
1.12279					 2.11154					 0.154329
1.17325					 2.09804					 0.140748
1.22324					 2.0839					 0.126744
1.2724					 2.06921					 0.112487
1.32188					 2.0514					 0.0979291
1.37199					 2.02994					 0.0843561
1.42167					 2.00458					 0.0715963
1.47118					 1.97579					 0.0600161
1.5194					 1.94499					 0.0490106
1.56632					 1.90311					 0.0374578
1.61197					 1.85098					 0.0275294
1.65518					 1.79236					 0.0181218
1.69498					 1.7342					 0.011255
1.73086					 1.69414					 0.00839666
1.76462					 1.65528					 0.00666215
1.79775					 1.62837					 0.00631059
1.83491					 1.61545					 0.00691598
1.86796					 1.60924					 0.00757217
1.89339					 1.60588					 0.00789416
0.00610949					 2.25983					 0.2118
0.0558107					 2.25821					 0.209823
0.105671					 2.25667					 0.208129
0.155769					 2.25507					 0.206844
0.205992					 2.25333					 0.205717
0.256383					 2.25146					 0.204666
0.306896					 2.24942					 0.203573
0.357434					 2.24715					 0.202336
0.408006					 2.2446					 0.200947
0.4586					 2.24175					 0.199461
0.509421					 2.23863					 0.197678
0.560271					 2.23495					 0.195856
0.611219					 2.23095					 0.193594
0.662016					 2.22657					 0.190841
0.712971					 2.22171					 0.187774
0.764007					 2.21646					 0.184166
0.815155					 2.21026					 0.180208
0.866469					 2.20355					 0.17554
0.917698					 2.19624					 0.169775
0.96907					 2.18808					 0.163146
1.02031					 2.17931					 0.155414
1.07183					 2.16905					 0.146381
1.12364					 2.1574					 0.136169
1.17512					 2.14448					 0.124647
1.22621					 2.13098					 0.112249
1.27634					 2.11702					 0.0992399
1.32693					 2.09999					 0.08594
1.37792					 2.07959					 0.0734782
1.42844					 2.05567					 0.0617865
1.4786					 2.02975					 0.0513758
1.527					 2.00296					 0.0412974
1.57458					 1.96743					 0.0314691
1.62012					 1.92503					 0.0234046
1.66324					 1.879					 0.0161719
1.70276					 1.83829					 0.011698
1.73879					 1.80723					 0.00906848
1.77337					 1.77731					 0.00726051
1.8086					 1.75555					 0.00672928
1.84561					 1.74372					 0.00698083
1.87779					 1.73769					 0.00764927
1.90384					 1.73438					 0.00819383
0.00491108					 2.28618					 0.168168
0.0542435					 2.28469					 0.166204
0.104019					 2.2834					 0.16484
0.154235					 2.28214					 0.16393
0.204456					 2.28088					 0.16317
0.25482					 2.27952					 0.162536
0.305283					 2.27806					 0.161791
0.355728					 2.27646					 0.160911
0.406202					 2.27467					 0.159988
0.456659					 2.27267					 0.159076
0.507276					 2.27043					 0.158054
0.558					 2.26782					 0.156928
0.608844					 2.26495					 0.155603
0.659454					 2.2618					 0.1538
0.710308					 2.25823					 0.151941
0.761235					 2.25432					 0.149791
0.812405					 2.24962					 0.147461
0.863861					 2.24439					 0.14469
0.915162					 2.23858					 0.140856
0.966816					 2.23186					 0.136461
1.01841					 2.22442					 0.131158
1.07049					 2.21535					 0.124698
1.12312					 2.20467					 0.117079
1.17552					 2.1926					 0.107589
1.22736					 2.18003					 0.0969418
1.27793					 2.16735					 0.0854964
1.32903					 2.15154					 0.0736924
1.38036					 2.13276					 0.0627105
1.43116					 2.11144					 0.0523735
1.4813					 2.08958					 0.0434449
1.52965					 2.06822					 0.0351541
1.57738					 2.04006					 0.0271463
1.62301					 2.00726					 0.0206784
1.66669					 1.97333					 0.0150938
1.70714					 1.94457					 0.0116774
1.74482					 1.92301					 0.0096221
1.78211					 1.9019					 0.00772382
1.81943					 1.88505					 0.00713272
1.85718					 1.87494					 0.00708584
1.89008					 1.86923					 0.00757936
1.91712					 1.86578					 0.00801395
0.00258883					 2.30834					 0.12023
0.0525039					 2.30718					 0.118099
0.102339					 2.30654					 0.117609
0.15254					 2.30569					 0.116927
0.203269					 2.30491					 0.116407
0.253561					 2.30414					 0.116065
0.303436					 2.30333					 0.115698
0.353785					 2.30242					 0.115142
0.404368					 2.3015					 0.114843
0.454969					 2.30027					 0.11415
0.505399					 2.299					 0.113737
0.555472					 2.29753					 0.113356
0.605991					 2.29582					 0.11268
0.656775					 2.29407					 0.112121
0.70749					 2.29194					 0.111394
0.758475					 2.2895					 0.110349
0.809346					 2.28655					 0.109823
0.860422					 2.28307					 0.108564
0.911994					 2.27913					 0.107185
0.963721					 2.27429					 0.105334
1.01557					 2.2687					 0.102856
1.06797					 2.26135					 0.0998219
1.1208					 2.25225					 0.0956702
1.17366					 2.24121					 0.0901429
1.22584					 2.22928					 0.0833896
1.27703					 2.21732					 0.0742004
1.32839					 2.20228					 0.0646284
1.37949					 2.18525					 0.0551887
1.42959					 2.16666					 0.0460157
1.47912					 2.14932					 0.0384541
1.52767					 2.13438					 0.0308805
1.5756					 2.11416					 0.0245305
1.62169					 2.09123					 0.0192718
1.66657					 2.06803					 0.0146167
1.70935					 2.04958					 0.0114978
1.74855					 2.0354					 0.00964953
1.78935					 2.02025					 0.00811809
1.82978					 2.00838					 0.00742718
1.87063					 2.0012					 0.00719674
1.90641					 1.99766					 0.00738358
1.93474					 1.99587					 0.0075158
-0.00302673					 2.31742					 0.0671782
0.0499757					 2.31667					 0.0664488
0.100847					 2.31685					 0.0660347
0.150925					 2.31636					 0.0654984
0.201837					 2.31618					 0.0650723
0.252042					 2.31609					 0.0647252
0.301656					 2.31596					 0.0643941
0.351873					 2.31568					 0.0639509
0.402347					 2.31574					 0.0636639
0.452864					 2.31513					 0.063167
0.503306					 2.315					 0.0627859
0.552802					 2.31458					 0.0626176
0.602904					 2.31409					 0.0622073
0.653663					 2.31385					 0.0618919
0.704097					 2.31325					 0.0615532
0.755056					 2.31231					 0.0609559
0.805278					 2.31165					 0.0610107
0.855748					 2.31013					 0.0606746
0.90699					 2.30897					 0.0602397
0.958189					 2.30705					 0.0597959
1.0098					 2.30456					 0.05897
1.06164					 2.30122					 0.0583501
1.11387					 2.29634					 0.0575639
1.16625					 2.29027					 0.0560867
1.21828					 2.28333					 0.0535745
1.26941					 2.27642					 0.0498816
1.32099					 2.26637					 0.0463464
1.37251					 2.25347					 0.0428536
1.4232					 2.2392					 0.0381236
1.47278					 2.22612					 0.0328191
1.52101					 2.2154					 0.0273467
1.56971					 2.20167					 0.0214676
1.61729					 2.18637					 0.0165008
1.6641					 2.1722					 0.0123323
1.70881					 2.16077					 0.00998393
1.75112					 2.15236					 0.00847623
1.79486					 2.14361					 0.00691774
1.83878					 2.13629					 0.00637251
1.88296					 2.13227					 0.00596783
1.92067					 2.12896					 0.00643457
1.95151					 2.12615					 0.00701384
0					 2.25522					 0.0146518
0.05					 2.25522					 0.0137068
0.1					 2.25522					 0.0128284
0.15					 2.25522					 0.0122372
0.2					 2.25522					 0.0115324
0.25					 2.25522					 0.010799
0.3					 2.25522					 0.0101746
0.35					 2.25522					 0.00958057
0.4					 2.25522					 0.00878304
0.45					 2.25522					 0.00819565
0.5					 2.25522					 0.00784091
0.55					 2.25522					 0.00673352
0.6					 2.25522					 0.00632911
0.65					 2.25522					 0.00506982
0.7					 2.25522					 0.00424474
0.75					 2.25522					 0.00387514
0.8					 2.25522					 0.00247238
0.85					 2.25522					 0.00200799
0.9					 2.25522					 0.000581068
0.95					 2.25522					 -0.000404973
1					 2.25522					 -0.000929915
1.05					 2.25522					 -0.00182641
1.1					 2.25522					 -0.00209215
1.15					 2.25522					 -0.00275377
1.2					 2.25522					 -0.0020978
1.25					 2.25522					 -0.00264182
1.3					 2.25522					 -0.0011737
1.35					 2.25522					 0.00270757
1.4					 2.25522					 0.00550654
1.45					 2.25522					 0.00787794
1.5					 2.25522					 0.0102032
1.55					 2.25522					 0.0101525
1.6					 2.25522					 0.00953551
1.65					 2.25522					 0.00800101
1.7					 2.25522					 0.00685536
1.75					 2.25522					 0.00635401
1.8					 2.25522					 0.0059283
1.85					 2.25522					 0.00588637
1.9					 2.25522					 0.00534696
1.95					 2.25522					 0.00516262
2					 2.25522					 0.00511963
0					 2.38788					 0.0118149
0.05					 2.38788					 0.0106085
0.1					 2.38788					 0.00975689
0.15					 2.38788					 0.00915167
0.2					 2.38788					 0.0084999
0.25					 2.38788					 0.00781689
0.3					 2.38788					 0.00713219
0.35					 2.38788					 0.00647491
0.4					 2.38788					 0.00576497
0.45					 2.38788					 0.00516319
0.5					 2.38788					 0.00485662
0.55					 2.38788					 0.00369486
0.6					 2.38788					 0.00324809
0.65					 2.38788					 0.002067
0.7					 2.38788					 0.0012885
0.75					 2.38788					 0.000989999
0.8					 2.38788					 -0.000286929
0.85					 2.38788					 -0.000660575
0.9					 2.38788					 -0.00181764
0.95					 2.38788					 -0.00244094
1					 2.38788					 -0.00246222
1.05					 2.38788					 -0.00278527
1.1					 2.38788					 -0.00241364
1.15					 2.38788					 -0.00279082
1.2					 2.38788					 -0.00247364
1.25					 2.38788					 -0.00203757
1.3					 2.38788					 -0.000933743
1.35					 2.38788					 0.00116721
1.4					 2.38788					 0.0021875
1.45					 2.38788					 0.00336732
1.5					 2.38788					 0.0041199
1.55					 2.38788					 0.00456983
1.6					 2.38788					 0.00529761
1.65					 2.38788					 0.00482081
1.7					 2.38788					 0.0047091
1.75					 2.38788					 0.0045671
1.8					 2.38788					 0.00449766
1.85					 2.38788					 0.00490597
1.9					 2.38788					 0.00452116
1.95					 2.38788					 0.0047847
2					 2.38788					 0.00527489
0					 2.52054					 0.014123
0.05					 2.52054					 0.0126299
0.1					 2.52054					 0.0116287
0.15					 2.52054					 0.0110185
0.2					 2.52054					 0.0103381
0.25					 2.52054					 0.00964039
0.3					 2.52054					 0.00892353
0.35					 2.52054					 0.0082162
0.4					 2.52054					 0.00745043
0.45					 2.52054					 0.00682393
0.5					 2.52054					 0.00647486
0.55					 2.52054					 0.0052654
0.6					 2.52054					 0.00469834
0.65					 2.52054					 0.00345979
0.7					 2.52054					 0.00258913
0.75					 2.52054					 0.0022103
0.8					 2.52054					 0.000803648
0.85					 2.52054					 0.000239321
0.9					 2.52054					 -0.00105576
0.95					 2.52054					 -0.00189346
1					 2.52054					 -0.00208848
1.05					 2.52054					 -0.00270223
1.1					 2.52054					 -0.00271937
1.15					 2.52054					 -0.00356722
1.2					 2.52054					 -0.00360276
1.25					 2.52054					 -0.00325887
1.3					 2.52054					 -0.00226229
1.35					 2.52054					 -8.72348e-05
1.4					 2.52054					 0.00124589
1.45					 2.52054					 0.00274522
1.5					 2.52054					 0.00371724
1.55					 2.52054					 0.00462659
1.6					 2.52054					 0.00586352
1.65					 2.52054					 0.00582107
1.7					 2.52054					 0.00600419
1.75					 2.52054					 0.00605361
1.8					 2.52054					 0.00616021
1.85					 2.52054					 0.00671501
1.9					 2.52054					 0.00640692
1.95					 2.52054					 0.00693589
2					 2.52054					 0.00756707
0					 2.65321					 0.0159674
0.05					 2.65321					 0.0143506
0.1					 2.65321					 0.0133779
0.15					 2.65321					 0.0127059
0.2					 2.65321					 0.0120262
0.25					 2.65321					 0.0113291
0.3					 2.65321					 0.0106204
0.35					 2.65321					 0.00990949
0.4					 2.65321					 0.00920358
0.45					 2.65321					 0.0084899
0.5					 2.65321					 0.00835308
0.55					 2.65321					 0.00692922
0.6					 2.65321					 0.00653741
0.65					 2.65321					 0.00518941
0.7					 2.65321					 0.00431841
0.75					 2.65321					 0.00407217
0.8					 2.65321					 0.00253694
0.85					 2.65321					 0.00209571
0.9					 2.65321					 0.000728589
0.95					 2.65321					 -6.38316e-05
1					 2.65321					 -0.000113638
1.05					 2.65321					 -0.000677259
1.1					 2.65321					 -0.000548805
1.15					 2.65321					 -0.00141879
1.2					 2.65321					 -0.00136922
1.25					 2.65321					 -0.00106034
1.3					 2.65321					 -0.000154753
1.35					 2.65321					 0.00197679
1.4					 2.65321					 0.00304934
1.45					 2.65321					 0.00446089
1.5					 2.65321					 0.00546534
1.55					 2.65321					 0.00642836
1.6					 2.65321					 0.00789457
1.65					 2.65321					 0.0078877
1.7					 2.65321					 0.00820981
1.75					 2.65321					 0.00835874
1.8					 2.65321					 0.00855521
1.85					 2.65321					 0.00931498
1.9					 2.65321					 0.00891768
1.95					 2.65321					 0.00954723
2					 2.65321					 0.0101882
