-0.545526
-0.860971
-1.17857
-1.49776
-1.81941
-2.14248
-2.46633
-2.79212
-3.11938
-3.44807
-3.77819
-4.10975
-4.44274
-4.77718
-5.11307
-5.45042
-5.78923
-6.1295
-6.47125
-6.81447
-7.15917
-7.50535
-7.85303
-8.20221
-8.55288
-8.90506
-9.25814
-9.61329
-9.97002
-10.3283
-10.6881
-11.0494
-11.4123
-11.7767
-12.1427
-12.5102
-12.8793
-13.25
-13.6222
-13.9961
-14.3709
-14.7484
-15.1265
-15.5066
-15.8884
-16.2718
-16.6569
-17.0435
-17.4318
-17.8217
-18.2133
-18.6065
-19.0008
-19.3972
-19.7954
-20.1952
-20.5967
-20.9999
-21.4048
-21.8114
-22.2196
-22.629
-23.0406
-23.4539
-23.869
-24.2858
-24.7044
-25.1246
-25.5466
-25.9698
-26.3952
-26.8224
-27.2515
-27.6822
-28.1148
-28.5491
-28.9852
-29.4225
-29.8621
-30.3036
-30.7469
-31.192
-31.639
-32.0871
-32.5376
-32.99
-33.4443
-33.9004
-34.3583
-34.8175
-35.2791
-35.7426
-36.2081
-36.6754
-37.1445
-37.615
-38.0879
-38.5628
-39.0395
-39.5182
-39.9988
-40.4808
-40.9652
-41.4516
-41.94
-42.4303
-42.9219
-43.4161
-43.9123
-44.4105
-44.91
-45.4121
-45.9162
-46.4224
-46.9305
-47.4401
-47.9522
-48.4664
-48.9826
-49.5002
-50.0205
-50.5428
-51.0673
-51.5937
-52.1217
-52.6522
-53.1849
-53.7197
-54.256
-54.7949
-55.336
-55.8792
-56.4239
-56.9713
-57.5208
-58.0719
-58.6257
-59.1817
-59.7399
-60.2996
-60.8621
-61.4268
-61.9936
-62.5621
-63.1333
-63.7068
-64.2818
-64.8597
-65.4398
-66.0215
-66.6061
-67.1929
-67.782
-68.3728
-68.9664
-69.5623
-70.1598
-70.7602
-71.363
-71.9675
-72.5748
-73.1845
-73.7959
-74.4102
-75.0269
-75.6453
-76.2667
-76.8904
-77.5159
-78.1444
-78.7752
-79.4079
-80.0435
-80.6816
-81.3214
-81.9643
-82.6096
-83.2568
-83.9069
-84.559
-85.214
-85.8716
-86.531
-87.1935
-87.8585
-88.5255
-89.1954
-89.8674
-90.5424
-91.2199
-91.8995
-92.5821
-93.2673
-93.9545
-94.6447
-95.3371
-96.0325
-96.7306
-97.4307
-98.1339
-98.8393
-99.5477
-100.258
-100.972
-101.689
-102.407
-103.129
-103.853
-104.58
-105.309
-106.042
-106.777
-107.514
-108.255
-108.998
-109.744
-110.492
-111.244
-111.998
-112.755
-113.515
-114.277
-115.043
-115.81
-116.582
-117.355
-118.132
-118.911
-119.694
-120.479
-121.267
-122.058
-122.852
-123.648
-124.448
-125.251
-126.056
-126.865
-127.676
-128.49
-129.308
-130.128
-130.952
-131.778
-132.607
-133.439
-134.275
-135.113
-135.955
-136.799
-137.647
-138.497
-139.351
-140.208
-141.068
-141.931
-142.797
-143.666
-144.539
-145.414
-146.293
-147.175
-148.06
-148.949
-149.84
-150.735
-151.633
-152.534
-153.439
-154.346
-155.257
-156.171
-157.089
-158.01
-158.934
-159.862
-160.792
-161.727
-162.664
-163.605
-164.549
-165.497
-166.448
-167.403
-168.36
-169.322
-170.286
-171.255
-172.226
-173.201
-174.18
-175.162
-176.148
-177.137
-178.13
-179.126
-180.126
-181.129
-182.136
-183.147
-184.161
-185.179
-186.2
-187.225
-188.254
-189.286
-190.322
-191.362
-192.405
-193.452
-194.503
-195.557
-196.616
-197.678
-198.744
-199.813
-200.886
-201.964
-203.045
-204.129
-205.218
-206.311
-207.407
-208.508
-209.612
-210.72
-211.832
-212.948
-214.068
-215.192
-216.319
-217.451
-218.587
-219.727
-220.87
-222.019
-223.17
-224.326
-225.486
-226.651
-227.819
-228.991
-230.168
-231.348
-232.533
-233.722
-234.915
-236.112
-237.314
-238.52
-239.73
-240.944
-242.162
-243.385
-244.613
-245.844
-247.08
-248.32
-249.564
-250.813
-252.066
-253.324
-254.585
-255.852
-257.122
-258.398
-259.677
-260.961
-262.25
-263.544
-264.841
-266.143
-267.45
-268.761
-270.077
-271.398
-272.723
-274.052
-275.387
-276.726
-278.07
-279.418
-280.771
-282.129
-283.492
-284.859
-286.231
-287.608
-288.989
-290.376
-291.767
-293.163
-294.564
-295.97
-297.38
-298.796
-300.216
-301.642
-303.072
-304.508
-305.947
-307.393
-308.843
-310.298
-311.759
-313.224
-314.695
-316.17
-317.651
-319.137
-320.628
-322.124
-323.625
-325.131
-326.643
-328.16
-329.682
-331.209
-332.742
-334.28
-335.823
-337.372
-338.925
-340.485
-342.049
-343.619
-345.195
-346.775
-348.362
-349.954
-351.55
-353.153
-354.761
-356.375
-357.994
-359.619
-361.249
-362.885
-364.527
-366.174
-367.827
-369.485
-371.149
-372.819
-374.494
-376.176
-377.862
-379.555
-381.254
-382.958
-384.668
-386.384
-388.106
-389.833
-389.978
-390.237
-390.518
-392.507
-394.249
-395.998
-397.753
-397.288
-399.032
-400.796
-402.567
-404.344
-403.865
-403.365
-405.151
-406.933
-408.724
-410.521
-412.324
-414.133
-415.949
-417.77
-419.598
-421.431
-423.271
-425.117
-426.97
-428.828
-430.693
-432.564
-434.441
-436.324
-438.213
-440.109
-442.011
-443.919
-445.833
-447.753
-449.679
-451.611
-453.548
-455.491
-457.439
-459.392
-461.349
-463.306
-465.255
-467.218
-469.231
-471.278
-473.329
-475.324
-477.329
-477.575
-476.993
-476.411
-476.677
-476.095
-476.355
-478.397
-480.437
-482.483
-484.535
-486.593
-488.657
-490.727
-492.804
-494.887
-496.977
-499.073
-501.176
-503.286
-505.403
-507.527
-509.658
-511.795
-513.94
-516.092
-518.25
-520.416
-522.589
-524.769
-526.956
-529.151
-531.352
-533.561
-535.777
-538.001
-540.231
-540.453
-540.727
-540.989
-541.256
-541.516
-543.868
-544.14
-544.431
-546.763
-546.985
-547.27
-549.605
-549.046
-548.422
-547.837
-547.214
-546.638
-546.046
-545.415
-545.6
-545.916
-548.305
-550.547
-552.809
-552.323
-551.846
-554.091
-554.359
-556.693
-556.231
-555.713
-555.91
-556.2
-558.583
-558.817
-559.083
-559.388
-559.692
-562.115
-564.404
-566.713
-566.129
-565.517
-567.815
-567.219
-566.59
-568.889
-571.21
-571.501
-573.895
-573.411
-575.731
-576.015
-578.423
-578.708
-581.124
-583.488
-585.863
-584.909
-585.397
-587.891
-590.268
-589.777
-589.262
-589.54
-589.073
-591.433
-593.824
-596.23
-595.767
-598.163
-600.578
-603.018
-605.454
-605.73
-606.052
-605.202
-605.664
-608.24
-610.682
-613.14
-615.609
-615.903
-616.256
-616.636
-617.045
-616.506
-616.707
-617.035
-616.672
-616.905
-616.507
-616.003
-616.219
-615.832
-618.293
-620.765
-623.252
-622.734
-622.194
-622.432
-622.781
-623.122
-623.482
-626.143
-626.444
-626.817
-629.447
-631.961
-631.429
-630.86
-630.268
-630.507
-629.983
-632.509
-635.037
-634.54
-634.019
-636.534
-636.854
-636.231
-636.545
-636.009
-638.518
-638.804
-638.294
-638.548
-638.917
-638.439
-638.649
-638.18
-637.56
-637.743
-638.038
-638.35
-638.659
-641.393
-643.939
-643.431
-642.87
-643.177
-642.726
-643.007
-642.469
-641.775
-642.049
-641.611
-641.883
-641.477
-640.905
-640.218
-639.541
-639.733
-639.302
-638.648
-638.819
-639.149
-638.673
-638.857
-638.407
-638.611
-638.991
-638.456
-637.755
-637.965
-638.328
-638.587
-638.124
-637.56
-636.996
-636.387
-635.788
-635.947
-635.449
-635.577
-635.873
-635.384
-635.521
-635.021
-634.425
-636.955
-639.481
-639.719
-639.248
-638.645
-638.819
-639.159
-641.826
-642.104
-644.743
-647.3
-649.869
-649.3
-651.86
-651.309
-653.872
-656.46
-656.766
-656.227
-656.434
-655.904
-656.1
-656.414
-659.153
-659.45
-659.788
-662.505
-662.806
-665.505
-665.8
-666.044
-665.576
-665.831
-666.259
-665.846
-665.2
-665.319
-664.868
-664.241
-664.495
-663.986
-663.359
-663.608
-663.105
-662.487
-662.692
-663.015
-662.564
-661.958
-661.342
-663.973
-664.261
-663.72
-663.045
-663.273
-666.008
-666.293
-668.998
-669.321
-668.886
-669.261
-668.741
-671.358
-670.754
-670.163
-672.778
-675.419
-674.93
-677.569
-677.896
-677.358
-677.607
-677.066
-676.408
-676.632
-676.969
-676.462
-676.675
-676.177
-676.442
-675.921
-678.558
-678.052
-680.696
-683.361
-686.039
-686.375
-685.923
-688.59
-688.914
-688.333
-687.606
-687.906
-687.38
-687.62
-687.997
-687.455
-686.739
-686.97
-686.429
-686.661
-687.016
-686.454
-686.689
-686.102
-686.341
-685.789
-685.263
-685.491
-684.929
-685.131
-685.483
-685.878
-685.494
-685.702
-686.103
-685.589
-685.776
-685.291
-684.615
-684.81
-685.124
-684.609
-684.831
-684.4
-683.723
-683.889
-684.255
-683.748
-683.98
-683.582
-683.793
-683.397
-683.593
-683.213
-683.401
-683.774
-683.347
-683.501
-683.101
-682.54
-682.767
-683.142
-683.544
-683.994
-683.482
-682.741
-682.001
-682.271
-682.707
-682.274
-682.496
-681.932
-682.153
-682.56
-681.964
-682.206
-681.69
-681.926
-681.336
-680.541
-680.793
-681.112
-680.705
-680.114
-679.525
-679.774
-680.167
-679.613
-679.871
-680.299
-679.767
-679.986
-680.527
-679.958
-679.378
-679.573
-679.136
-679.38
-678.957
-679.171
-678.746
-678.145
-678.306
-677.835
-678.087
-678.525
-678.041
-678.226
-677.73
-677.087
-676.451
-676.632
-676.192
-675.608
-674.9
-675.148
-675.561
-674.982
-674.392
-674.64
-674.951
-674.494
-674.71
-674.239
-673.579
-673.781
-674.141
-673.649
-673.779
-673.268
-673.456
-672.895
-672.316
-671.72
-671.856
-672.195
-671.75
-671.137
-671.319
-670.858
-671.033
-670.478
-670.643
-670.105
-669.514
-668.904
-669.066
-669.436
-669.794
-670.232
-669.795
-669.99
-669.534
-669.722
-669.197
-669.439
-669.027
-669.249
-668.75
-668.919
-668.405
-668.52
-668.085
-670.71
-670.027
-670.23
-670.537
-669.99
-672.596
-675.214
-677.845
-680.49
-683.145
-685.809
-685.1
-685.422
-685.768
-685.199
-685.482
-684.885
-685.135
-684.549
-684.712
-684.224
-684.481
-683.96
-684.161
-683.609
-683.873
-683.432
-683.666
-683.147
-682.54
-682.779
-682.29
-682.468
-681.936
-682.13
-681.599
-680.919
-681.13
-681.522
-681.1
-680.493
-679.859
-680.048
-682.834
-685.479
-688.133
-688.366
-687.798
-688.15
-687.616
-687.88
-687.33
-686.668
-686.906
-687.263
-686.754
-689.406
-688.701
-688.97
-688.416
-688.655
-689.023
-688.488
-688.726
-688.146
-688.388
-687.842
-688.133
-687.553
-686.857
-687.174
-687.626
-687.039
-687.247
-686.745
-686.931
-686.391
-686.694
-686.259
-686.546
-686.035
-686.316
-685.761
-686.046
-685.571
-685.858
-685.255
-685.491
-684.973
-684.283
-684.434
-683.89
-684.109
-684.418
-683.93
-684.185
-683.7
-683.121
-683.45
-682.973
-683.176
-683.506
-682.999
-683.287
-682.657
-682.945
-682.404
-682.571
-682.113
-682.377
-681.785
-682.095
-681.472
-680.636
-680.97
-681.404
-680.739
-681.06
-680.469
-679.77
-679.991
-680.415
-679.828
-679.038
-679.326
-679.795
-679.183
-679.487
-678.933
-679.348
-678.743
-678.025
-678.207
-678.528
-678.049
-677.313
-677.628
-678.074
-677.458
-676.624
-676.966
-677.422
-676.973
-677.262
-676.584
-675.76
-676.075
-676.534
-675.885
-676.205
-675.591
-674.954
-675.172
-675.569
-675.04
-675.23
-674.697
-674.896
-674.4
-673.766
-673.925
-674.227
-673.654
-673.892
-673.415
-673.556
-673.019
-672.356
-672.648
-673.133
-672.585
-671.878
-672.064
-672.42
-671.822
-671.09
-671.352
-671.8
-671.202
-671.366
-670.83
-670.171
-670.337
-670.605
-670.037
-670.255
-669.719
-670.058
-669.507
-669.765
-669.215
-669.516
-668.901
-668.218
-668.513
-667.855
-668.156
-667.641
-667.808
-668.105
-667.513
-667.769
-667.227
-666.556
-666.755
-667.135
-666.61
-666.742
-666.219
-666.407
-665.838
-666.033
-665.532
-664.84
-665.038
-665.378
-664.831
-665.011
-664.459
-664.631
-664.078
-664.289
-663.74
-663.958
-663.476
-663.782
-663.284
-663.402
-662.928
-663.047
-662.573
-662.808
-662.232
-662.456
-661.883
-662.078
-661.542
-661.787
-661.265
-661.524
-661.066
-660.355
-660.538
-659.974
-660.218
-660.561
-660.031
-660.215
-659.69
-659.901
-659.332
-659.59
-659.064
-659.253
-658.745
-658.944
-658.378
-658.633
-658.108
-658.35
-657.927
-658.167
-657.75
-657.966
-657.464
-656.789
-656.999
-656.54
-656.662
-657.079
-656.624
-656.835
-656.353
-656.484
-655.99
-656.189
-655.732
-656.033
-655.536
-655.8
-655.248
-654.61
-654.805
-655.16
-654.677
-657.228
-659.768
-659.112
-659.439
-659.873
-659.353
-659.645
-659.053
-659.348
-658.785
-661.331
-661.684
-661.095
-661.352
-660.742
-660.987
-660.447
-660.696
-660.132
-660.352
-659.842
-660.034
-659.485
-659.768
-659.225
-658.489
-658.715
-658.179
-658.397
-657.858
-658.085
-657.547
-657.759
-657.236
-657.409
-657.717
-657.249
-657.569
-657.131
-656.365
-656.657
-657.092
-656.447
-656.745
-656.107
-656.418
-655.862
-656.156
-655.721
-655.991
-655.35
-655.533
-655.032
-655.314
-654.786
-655.005
-654.539
-653.897
-654.117
-654.434
-653.988
-654.156
-653.709
-652.976
-653.226
-653.662
-653.086
-653.377
-652.791
-653.182
-652.599
-652.886
-652.353
-651.59
-651.913
-652.368
-651.744
-650.915
-651.251
-651.692
-651.025
-651.346
-650.884
-651.161
-650.559
-649.747
-650.047
-650.502
-649.942
-649.331
-649.533
-649.921
-649.425
-649.61
-649.08
-649.27
-648.8
-648.17
-648.323
-648.623
-648.056
-648.214
-647.694
-647.928
-647.454
-646.821
-646.985
-647.313
-646.796
-646.106
-646.406
-646.913
-646.345
-646.507
-645.977
-645.328
-645.493
-645.761
-645.202
-645.378
-644.834
-645.028
-644.53
-643.894
-644.062
-644.418
-643.945
-644.255
-643.737
-643.065
-643.353
-643.795
-643.211
-642.433
-642.713
-643.098
-642.613
-641.896
-642.142
-642.584
-642.014
-641.386
-641.561
-641.924
-641.454
-641.568
-641.091
-641.261
-640.736
-640.908
-640.456
-639.805
-639.982
-640.312
-639.807
-639.971
-639.461
-639.639
-639.136
-639.309
-638.773
-638.073
-638.254
-638.507
-638.08
-638.185
-637.749
-637.928
-637.496
-637.758
-637.323
-637.486
-636.986
-637.204
-636.733
-636.952
-636.559
-636.78
-636.253
-636.465
-635.913
-635.204
-635.45
-635.797
-635.264
-637.74
-640.201
-642.665
-645.143
-647.636
-650.14
-650.42
-649.845
-649.211
-649.439
-649.811
-649.275
-649.485
-648.947
-649.166
-648.632
-648.891
-648.378
-650.887
-653.379
-655.886
-658.412
-658.763
-658.274
-660.792
-663.328
-663.682
-663.191
-662.573
-662.752
-663.093
-662.604
-662.931
-662.429
-662.721
-662.153
-662.323
-661.81
-662.031
-661.556
-661.862
-661.376
-661.663
-661.091
-661.341
-660.822
-660.148
-660.371
-663.068
-665.595
-664.972
-665.235
-665.593
-665.063
-665.365
-664.8
-667.337
-669.883
-672.448
-675.027
-675.296
-674.789
-675.017
-674.531
-677.112
-679.688
-679.953
-679.456
-678.82
-679.081
-679.466
-678.917
-678.213
-678.454
-678.883
-678.334
-677.672
-677.905
-678.334
-677.834
-678.143
-677.707
-677.009
-677.308
-676.825
-677.027
-677.454
-676.862
-677.148
-676.542
-676.848
-676.304
-675.616
-675.791
-676.165
-675.601
-675.889
-675.324
-674.519
-674.834
-675.319
-674.851
-675.127
-674.491
-674.791
-674.249
-674.481
-673.934
-674.157
-673.621
-673.809
-673.264
-673.442
-673.001
-673.237
-672.763
-672.138
-672.36
-672.688
-672.244
-671.524
-671.773
-672.21
-671.654
-671.943
-671.373
-671.644
-671.15
-670.423
-670.728
-671.193
-670.57
-669.716
-670.067
-670.557
-670.078
-670.377
-669.688
-669.99
-669.443
-669.725
-669.115
-668.29
-668.596
-668.145
-668.363
-668.774
-668.268
-668.451
-667.984
-667.338
-667.5
-667.818
-667.252
-667.414
-666.889
-667.131
-666.636
-665.996
-666.161
-666.5
-665.995
-665.294
-665.595
-666.115
-665.553
-665.718
-665.199
-664.543
-664.714
-664.995
-664.445
-664.618
-664.081
-664.309
-663.847
-664.027
-663.536
-663.848
-663.334
-662.699
-662.013
-662.299
-662.629
-663.026
-662.53
-662.81
-662.231
-661.444
-661.724
-661.187
-661.435
-661.892
-661.325
-660.673
-660.857
-661.24
-660.753
-660.876
-660.38
-660.559
-660.021
-660.199
-659.74
-659.073
-659.256
-659.6
-659.091
-659.259
-658.743
-658.843
-658.409
-658.511
-658.075
-658.223
-657.732
-657.057
-657.224
-657.558
-657.156
-657.421
-656.984
-657.149
-656.676
-659.207
-661.715
-664.224
-666.749
-667.094
-666.542
-666.845
-666.378
-666.599
-666.071
-668.605
-671.136
-673.69
-676.258
-678.834
-681.419
-684.012
-684.333
-683.742
-684.07
-683.45
-683.713
-683.155
-682.433
-682.736
-683.077
-682.539
-681.828
-682.072
-684.785
-687.362
-689.964
-690.319
-689.761
-690.016
-689.449
-688.834
-689.055
-689.393
-688.929
-689.147
-688.67
-688.886
-688.332
-687.627
-687.861
-687.349
-687.567
-687.936
-687.472
-686.846
-687.159
-686.665
-686.811
-687.173
-686.683
-686.871
-686.341
-686.73
-686.231
-686.421
-685.942
-686.142
-685.607
-685.857
-685.353
-684.683
-684.894
-684.382
-684.557
-684.846
-684.36
-684.661
-684.19
-684.567
-684.072
-683.427
-683.584
-683.913
-683.38
-683.661
-683.135
-683.332
-682.876
-682.224
-682.414
-682.771
-682.473
-682.729
-682.22
-682.457
-682.059
-681.408
-681.604
-681.932
-681.515
-681.745
-681.361
-681.583
-681.085
-681.338
-680.839
-680.194
-680.452
-680.9
-680.435
-680.678
-680.191
-680.445
-679.962
-680.166
-679.636
-679.848
-679.36
-679.523
-679.029
-679.293
-678.906
-678.15
-678.426
-678.853
-678.276
-678.536
-677.984
-678.264
-677.735
-678.006
-677.494
-677.771
-677.36
-677.603
-677.031
-676.303
-676.517
-676.012
-676.226
-675.715
-675.879
-676.211
-675.763
-675.932
-675.521
-675.738
-675.306
-674.605
-674.841
-675.272
-674.747
-675.026
-674.48
-674.647
-674.195
-673.598
-673.8
-674.131
-673.706
-673.853
-673.461
-673.626
-673.242
-672.653
-672.845
-673.241
-672.794
-673.104
-672.66
-672.06
-672.203
-672.522
-672.022
-672.312
-671.822
-671.102
-671.397
-671.846
-671.352
-671.621
-671.04
-670.223
-670.539
-670.974
-670.37
-670.649
-670.071
-669.278
-669.559
-669.997
-669.37
-668.516
-668.812
-669.253
-668.69
-667.911
-668.187
-667.757
-667.901
-668.238
-667.767
-667.914
-667.395
-666.734
-667.005
-667.495
-666.993
-666.169
-666.435
-666.881
-666.219
-665.48
-665.739
-666.202
-665.621
-665.817
-665.235
-665.346
-664.877
-664.198
-664.327
-663.783
-663.986
-664.389
-663.864
-664.029
-663.423
-663.628
-663.174
-663.458
-662.967
-662.292
-662.563
-662.922
-662.383
-661.708
-661.877
-662.246
-661.734
-661.897
-661.329
-661.497
-660.934
-661.128
-660.609
-659.913
-660.092
-660.458
-659.864
-660.068
-659.475
-659.67
-659.176
-658.472
-658.67
-658.972
-658.461
-657.78
-657.908
-658.363
-657.867
-658.094
-657.586
-657.708
-657.221
-657.343
-656.856
-656.113
-656.309
-656.716
-656.285
-656.536
-656.005
-656.211
-655.631
-655.806
-655.276
-654.561
-654.739
-655.092
-654.589
-654.828
-654.197
-653.389
-653.667
-654.002
-653.496
-653.727
-653.253
-652.559
-652.788
-652.204
-652.429
-652.843
-652.41
-652.608
-652.1
-652.299
-651.827
-651.156
-651.352
-651.738
-651.253
-651.448
-650.909
-650.253
-650.449
-650.86
-650.362
-650.561
-650.025
-650.261
-649.731
-649.944
-649.393
-649.638
-649.024
-649.292
-648.832
-648.185
-648.312
-648.645
-648.172
-647.503
-647.698
-648.151
-647.654
-646.978
-647.125
-647.416
-646.871
-647.1
-646.624
-646.837
-646.286
-646.601
-646.102
-646.26
-645.718
-644.976
-645.191
-645.564
-644.982
-644.234
-644.459
-644.909
-644.35
-644.642
-644.119
-643.355
-643.675
-644.083
-643.515
-643.811
-643.227
-642.534
-642.738
-642.203
-642.423
-642.827
-642.273
-642.513
-641.963
-641.255
-641.429
-641.781
-641.173
-640.466
-640.658
-641.016
-640.392
-640.816
-641.486
-640.902
-640.1
-639.398
-639.567
-639.013
-639.228
-639.609
-639.115
-639.296
-638.738
-638.949
-638.341
-637.521
-637.766
-638.239
-637.613
-637.932
-637.297
-637.624
-637.043
-636.417
-636.623
-637.033
-636.541
-636.718
-636.256
-636.452
-635.931
-636.349
-635.756
-636.194
-635.613
-635.909
-635.35
-635.55
-635.223
-635.414
-634.986
-635.138
-634.806
-635.052
-635.56
-635.138
-634.337
-633.535
-633.829
-633.222
-633.49
-633.972
-633.382
-633.692
-633.024
-633.346
-632.892
-633.171
-632.568
-632.85
-632.177
-632.503
-631.879
-632.202
-631.733
-632.028
-631.487
-630.692
-631.029
-631.5
-630.902
-630.059
-630.364
-630.836
-630.303
-630.58
-629.964
-629.103
-629.437
-629.892
-629.235
-629.475
-628.996
-628.335
-628.556
-628.887
-628.431
-628.63
-628.101
-627.453
-627.628
-627.101
-627.272
-626.671
-626.954
-627.43
-626.829
-627.125
-626.412
-625.482
-625.808
-626.148
-625.653
-625.84
-625.338
-625.487
-624.951
-624.241
-624.539
-625.056
-624.504
-624.728
-624.096
-624.329
-623.726
-622.857
-623.152
-622.517
-622.805
-623.284
-622.555
-622.892
-622.22
-622.433
-621.803
-621.102
-621.238
-621.54
-620.95
-620.22
-620.447
-620.87
-620.292
-620.449
-619.849
-620.061
-619.436
-619.645
-619.026
-619.231
-618.747
-619.031
-618.536
-618.709
-618.188
-618.383
-617.784
-617.966
-617.351
-616.676
-615.967
-616.27
-616.598
-616.99
-616.432
-615.696
-615.879
-616.202
-615.598
-615.956
-615.403
-615.654
-615.088
-615.324
-614.696
-614.918
-614.387
-613.656
-613.866
-614.232
-613.628
-612.825
-613.039
-613.336
-612.784
-612.071
-612.206
-612.474
-611.964
-612.099
-611.587
-611.853
-612.353
-611.839
-611.072
-611.286
-610.673
-610.943
-611.416
-610.784
-609.868
-610.157
-609.485
-608.592
-608.908
-608.216
-608.523
-608.926
-608.28
-608.574
-607.982
-608.267
-607.768
-607.992
-607.363
-607.647
-607.067
-607.294
-606.667
-606.968
-606.464
-605.774
-605.964
-606.317
-605.747
-606.018
-605.422
-604.653
-604.906
-604.356
-604.578
-604.99
-604.436
-603.739
-603.877
-604.238
-603.696
-602.987
-603.356
-602.763
-602.922
-603.381
-602.745
-603.099
-602.498
-602.817
-602.195
-601.362
-601.614
-600.997
-601.333
-600.774
-601.01
-600.441
-600.681
-601.002
-600.38
-600.645
-600.096
-600.457
-599.874
-600.216
-599.521
-599.722
-599.071
-599.41
-598.757
-599.031
-598.333
-598.616
-597.966
-598.232
-597.611
-597.956
-597.462
-597.768
-597.059
-597.394
-596.78
-595.908
-596.242
-596.758
-596.061
-596.404
-596.968
-596.443
-595.515
-595.867
-595.096
-595.454
-594.802
-595.01
-594.431
-594.657
-594.08
-594.369
-593.818
-593.089
-593.356
-592.676
-592.983
-593.486
-592.796
-593.153
-592.46
-592.916
-592.25
-592.488
-591.894
-591.081
-591.342
-590.704
-590.913
-591.284
-590.73
-590.944
-590.29
-590.515
-589.951
-589.046
-589.568
-590.101
-589.494
-588.628
-589.01
-589.526
-588.798
-587.824
-588.232
-588.731
-589.298
-588.771
-587.799
-588.164
-587.414
-586.448
-586.822
-587.363
-586.662
-585.961
-586.205
-586.654
-586.06
-586.286
-585.685
-585.916
-585.357
-584.655
-584.833
-585.178
-584.531
-584.722
-584.114
-584.396
-583.826
-583.081
-583.41
-583.956
-583.338
-582.548
-582.761
-583.165
-582.486
-581.653
-581.961
-582.476
-581.781
-581.987
-581.363
-580.611
-580.811
-581.124
-580.469
-580.722
-580.103
-580.499
-579.858
-580.164
-579.525
-579.876
-579.261
-579.649
-578.907
-577.972
-578.327
-577.725
-577.926
-578.267
-577.583
-577.887
-577.254
-576.5
-576.733
-577.162
-576.562
-576.72
-576.123
-576.351
-575.689
-575.924
-575.34
-574.548
-574.788
-575.18
-574.541
-574.761
-574.116
-574.362
-573.714
-573.872
-573.32
-573.464
-572.919
-573.124
-572.48
-572.738
-572.183
-572.54
-571.967
-571.14
-571.364
-571.799
-571.153
-571.459
-570.953
-571.236
-570.632
-570.852
-570.225
-569.404
-569.7
-570.105
-569.467
-569.729
-569.075
-568.367
-568.576
-568.94
-568.28
-568.59
-567.974
-568.208
-567.609
-567.853
-567.192
-567.499
-566.883
-567.18
-566.677
-566.969
-566.474
-566.736
-566.149
-565.379
-565.633
-565.096
-565.246
-565.733
-565.187
-565.447
-564.876
-565.041
-564.461
-564.802
-564.26
-564.515
-563.941
-564.261
-563.623
-563.95
-563.306
-563.639
-562.994
-562.267
-562.507
-562.911
-562.343
-561.588
-561.912
-562.426
-561.839
-562.141
-561.549
-561.804
-561.152
-561.41
-560.817
-561.097
-560.462
-560.693
-560.134
-560.342
-559.73
-558.865
-559.214
-559.707
-559.008
-559.359
-558.703
-559.051
-558.551
-558.866
-558.14
-558.482
-557.869
-557.026
-557.287
-556.668
-556.924
-556.285
-556.559
-555.924
-556.182
-556.567
-555.985
-555.209
-555.427
-555.936
-555.427
-555.751
-555.016
-555.24
-554.658
-554.941
-554.392
-553.668
-553.935
-554.426
-553.802
-554.009
-553.483
-553.688
-553.167
-553.497
-552.909
-552.077
-552.445
-552.955
-552.317
-551.441
-551.761
-552.279
-551.562
-552.031
-551.346
-551.67
-550.951
-549.998
-550.398
-550.902
-550.131
-550.514
-549.972
-550.3
-549.604
-548.686
-549.042
-549.561
-548.907
-548.215
-548.459
-548.905
-548.321
-548.551
-547.944
-548.176
-547.626
-546.918
-547.101
-547.447
-546.791
-546.984
-546.382
-546.659
-546.109
-545.396
-545.592
-545.963
-545.366
-544.583
-544.939
-545.516
-544.855
-545.055
-544.452
-543.724
-543.921
-544.228
-543.591
-543.793
-543.173
-543.401
-542.828
-542.106
-542.31
-542.797
-542.233
-541.471
-541.818
-542.257
-541.683
-542.018
-541.336
-540.452
-540.787
-541.224
-540.655
-539.844
-540.14
-540.644
-539.979
-539.269
-539.483
-539.896
-539.345
-539.491
-538.936
-539.147
-538.536
-538.749
-538.219
-537.482
-537.701
-538.079
-537.488
-537.692
-537.096
-537.291
-536.684
-535.893
-536.111
-536.4
-535.904
-536.127
-535.536
-535.686
-535.167
-535.391
-534.88
-535.201
-534.685
-534.951
-534.325
-534.585
-533.938
-533.13
-533.432
-533.83
-533.202
-533.429
-532.827
-533.104
-532.539
-532.819
-532.339
-532.544
-531.972
-531.279
-531.486
-531.898
-531.328
-531.548
-530.965
-531.202
-530.616
-530.9
-530.334
-530.601
-530.149
-530.301
-529.782
-530.012
-529.514
-529.838
-531.372
-531.745
-531.072
-530.402
-530.562
-530.921
-530.405
-530.744
-530.211
-530.527
-529.905
-530.208
-529.722
-529.968
-529.418
-528.69
-528.934
-528.421
-528.63
-529.018
-528.503
-528.782
-528.23
-528.43
-527.94
-528.133
-527.653
-527.847
-527.379
-526.714
-526.943
-527.351
-526.803
-526.069
-526.298
-525.77
-526.003
-526.456
-525.882
-526.181
-525.662
-525.983
-525.527
-524.791
-525.101
-524.598
-524.806
-525.26
-524.636
-524.929
-524.309
-524.632
-524.058
-523.336
-523.518
-523.913
-523.316
-523.624
-523.025
-523.271
-522.704
-522.933
-522.383
-522.71
-522.242
-521.371
-521.714
-522.186
-521.5
-521.826
-521.241
-521.43
-520.862
-521.054
-520.585
-520.841
-520.335
-519.677
-519.917
-520.264
-519.79
-519.029
-519.299
-519.762
-519.167
-519.481
-518.87
-519.164
-518.635
-517.869
-518.199
-518.688
-518.023
-517.121
-517.498
-518.019
-517.504
-517.827
-517.092
-517.419
-516.833
-517.137
-516.488
-515.619
-515.948
-515.468
-515.704
-516.138
-515.595
-515.798
-515.296
-514.62
-514.794
-515.133
-514.527
-514.784
-514.28
-514.446
-513.869
-513.202
-513.386
-512.842
-513.15
-513.674
-513.107
-513.331
-512.736
-512.926
-512.364
-511.672
-511.862
-512.162
-511.573
-511.763
-511.189
-511.44
-510.942
-511.141
-510.615
-510.954
-510.4
-509.731
-509.006
-509.317
-509.667
-510.088
-509.554
-509.859
-509.238
-508.408
-508.713
-508.138
-508.409
-508.893
-508.282
-507.595
-507.799
-508.204
-507.679
-507.818
-507.286
-507.485
-506.908
-507.105
-506.612
-505.908
-506.111
-506.477
-505.928
-506.115
-505.561
-505.676
-505.208
-505.324
-504.856
-505.021
-504.495
-503.782
-503.967
-504.322
-503.887
-504.178
-503.705
-503.888
-503.38
-503.621
-503.134
-503.371
-502.952
-503.13
-502.626
-502.813
-502.332
-502.572
-502.029
-502.228
-501.726
-500.999
-501.256
-501.593
-501.095
-500.377
-500.592
-500.971
-500.514
-500.701
-500.191
-499.586
-499.756
-500.086
-499.665
-499.847
-499.407
-499.59
-499.07
-498.366
-498.575
-498.089
-498.282
-498.65
-498.207
-497.586
-497.873
-497.404
-497.533
-497.895
-497.417
-497.595
-497.075
-497.454
-496.964
-497.146
-496.676
-496.871
-496.342
-496.587
-496.087
-495.416
-495.623
-495.116
-495.287
-495.575
-495.093
-495.393
-494.924
-495.303
-494.806
-494.162
-494.316
-494.647
-494.114
-494.393
-493.871
-494.065
-493.61
-492.957
-493.147
-493.505
-493.207
-493.464
-492.954
-493.193
-492.793
-492.142
-492.338
-492.668
-492.25
-492.48
-492.095
-492.319
-491.819
-492.072
-491.574
-490.929
-491.186
-491.635
-491.169
-491.414
-490.925
-491.181
-490.696
-490.9
-490.369
-490.58
-490.092
-490.256
-489.762
-490.028
-489.638
-488.881
-489.158
-489.585
-489.009
-489.269
-488.716
-488.999
-488.467
-488.741
-488.225
-488.505
-488.09
-488.337
-487.761
-487.034
-487.247
-486.743
-486.957
-486.446
-486.609
-486.945
-486.492
-486.665
-486.25
-486.469
-486.033
-485.332
-485.569
-486.002
-485.474
-485.756
-485.206
-484.63
-484.816
-485.16
-484.69
-484.866
-484.434
-484.584
-484.187
-484.355
-483.967
-483.378
-483.571
-483.968
-483.518
-483.833
-483.384
-483.642
-483.173
-482.457
-482.745
-482.333
-482.48
-482.803
-482.295
-482.582
-482.073
-482.348
-481.759
-480.943
-481.262
-481.7
-481.089
-481.372
-480.789
-479.997
-480.281
-480.718
-480.088
-479.234
-479.532
-479.976
-479.407
-478.626
-478.906
-478.473
-478.62
-478.957
-478.483
-478.633
-478.11
-477.448
-477.723
-478.215
-477.707
-476.881
-477.152
-477.599
-476.932
-476.19
-476.454
-476.921
-476.333
-476.533
-475.945
-476.06
-475.586
-474.908
-474.205
-474.411
-474.812
-474.281
-474.415
-474.731
-474.124
-474.337
-473.878
-474.167
-473.672
-472.995
-473.27
-473.655
-473.192
-473.375
-472.827
-472.125
-472.302
-472.603
-472.026
-472.202
-471.634
-471.835
-471.31
-470.612
-470.797
-471.166
-470.563
-470.773
-470.173
-470.373
-469.873
-469.166
-469.369
-469.673
-469.158
-468.475
-468.607
-468.872
-468.384
-468.699
-468.2
-468.43
-467.913
-468.038
-467.548
-466.806
-467.003
-467.369
-466.786
-467.044
-466.605
-466.861
-466.321
-466.491
-465.965
-465.25
-465.43
-465.785
-465.278
-465.517
-464.884
-464.076
-464.357
-464.694
-464.183
-464.418
-463.94
-463.246
-463.476
-462.89
-463.118
-463.535
-463.095
-463.298
-462.784
-462.986
-462.51
-461.836
-462.037
-462.425
-461.935
-462.135
-461.591
-460.932
-461.132
-461.547
-461.042
-461.246
-460.705
-460.943
-460.41
-460.625
-460.071
-460.319
-459.701
-459.974
-459.509
-458.863
-458.991
-459.327
-458.848
-458.18
-458.376
-458.832
-458.329
-457.652
-457.801
-458.094
-457.546
-457.778
-457.297
-457.514
-456.959
-457.278
-456.774
-456.936
-456.39
-455.641
-455.865
-456.321
-455.756
-456.049
-455.53
-454.774
-455.092
-455.469
-454.926
-454.135
-454.372
-454.765
-454.184
-454.488
-453.893
-453.197
-453.407
-452.867
-453.092
-453.498
-452.937
-453.181
-452.625
-451.916
-452.094
-452.448
-451.834
-451.125
-451.322
-451.682
-451.052
-451.48
-452.155
-451.565
-450.759
-450.056
-450.227
-449.667
-449.888
-450.27
-449.769
-449.954
-449.391
-449.606
-448.993
-448.171
-448.421
-448.896
-448.265
-448.59
-447.948
-448.282
-447.692
-447.066
-447.276
-447.688
-447.19
-447.372
-446.904
-447.106
-446.579
-447.006
-446.404
-446.851
-446.259
-446.564
-445.995
-446.201
-445.868
-446.065
-445.629
-445.787
-445.45
-445.7
-446.212
-445.785
-444.978
-444.173
-444.473
-443.86
-444.134
-444.619
-444.022
-444.336
-443.663
-443.992
-443.53
-443.816
-443.205
-443.493
-442.813
-443.146
-442.514
-442.845
-442.369
-442.669
-442.122
-441.325
-441.667
-442.141
-441.536
-440.69
-441.001
-441.478
-440.934
-441.216
-440.595
-439.732
-440.071
-440.529
-439.864
-440.11
-439.624
-438.961
-439.188
-439.523
-439.057
-439.264
-438.728
-438.081
-438.258
-437.727
-437.901
-437.294
-437.582
-438.062
-437.453
-437.752
-437.034
-436.103
-436.432
-436.775
-436.273
-436.465
-435.957
-435.273
-435.556
-436.053
-435.531
-435.696
-435.118
-435.353
-434.711
-434.952
-434.342
-433.47
-433.771
-433.128
-433.424
-433.905
-434.445
-433.784
-432.824
-433.066
-432.417
-431.715
-431.853
-432.155
-431.561
-430.826
-431.058
-431.484
-430.899
-431.061
-430.453
-430.671
-430.039
-430.254
-429.627
-429.839
-429.348
-429.638
-429.136
-429.313
-428.787
-428.988
-428.383
-428.57
-427.95
-427.272
-426.56
-426.867
-427.197
-427.591
-427.027
-426.289
-426.476
-426.8
-426.191
-426.555
-425.995
-426.252
-425.678
-425.92
-425.285
-425.512
-424.975
-424.24
-424.457
-424.824
-424.213
-423.408
-423.627
-423.926
-423.368
-422.653
-422.793
-423.064
-422.545
-422.684
-422.168
-422.439
-422.943
-422.421
-421.648
-421.87
-421.25
-421.525
-422
-421.366
-420.443
-420.738
-420.06
-419.166
-419.486
-418.789
-419.1
-419.507
-418.852
-419.154
-418.553
-418.845
-418.338
-418.57
-417.934
-418.224
-417.637
-417.869
-417.236
-417.543
-417.031
-416.341
-416.535
-416.89
-416.313
-416.59
-415.987
-415.214
-415.474
-414.916
-415.144
-415.56
-414.997
-414.301
-414.44
-414.804
-414.255
-413.545
-413.918
-413.32
-413.483
-413.946
-413.302
-413.663
-413.054
-413.38
-412.749
-411.915
-412.171
-411.547
-411.89
-411.324
-411.566
-410.99
-411.236
-411.558
-410.93
-411.202
-410.644
-411.013
-410.421
-410.607
-409.968
-410.327
-409.61
-409.968
-409.301
-409.583
-408.877
-409.168
-408.507
-408.78
-408.151
-408.506
-408.001
-408.314
-407.598
-407.942
-407.315
-406.442
-406.782
-407.302
-406.596
-406.946
-407.516
-406.981
-406.049
-406.409
-405.629
-405.996
-405.332
-405.548
-404.962
-405.255
-404.697
-404
-404.256
-404.643
-404.031
-403.202
-403.516
-404.021
-403.323
-403.687
-402.984
-403.449
-402.773
-403.019
-402.417
-401.599
-401.867
-401.223
-401.436
-401.811
-401.249
-401.468
-400.808
-401.039
-400.467
-399.557
-400.09
-400.625
-400.008
-399.139
-399.529
-400.047
-399.31
-398.334
-398.748
-399.25
-399.822
-399.284
-398.308
-398.681
-397.921
-396.953
-397.334
-397.88
-397.167
-396.464
-396.715
-397.167
-396.564
-396.797
-396.187
-396.425
-395.858
-395.157
-395.338
-395.684
-395.032
-395.227
-394.615
-394.903
-394.324
-393.575
-393.912
-394.46
-393.833
-393.042
-393.26
-393.665
-392.979
-392.142
-392.458
-392.976
-392.27
-392.482
-391.853
-391.097
-391.302
-391.616
-390.958
-391.212
-390.59
-390.99
-390.343
-390.656
-390.007
-390.365
-389.743
-390.138
-389.386
-388.447
-388.81
-388.201
-388.406
-388.748
-388.059
-388.37
-387.727
-386.969
-387.209
-387.642
-387.032
-387.197
-386.591
-386.827
-386.156
-386.398
-385.805
-385.009
-385.257
-385.652
-385.002
-385.23
-384.576
-384.829
-384.173
-384.337
-383.776
-383.927
-383.374
-383.585
-382.934
-383.201
-382.634
-383.002
-382.419
-381.588
-381.819
-382.256
-381.603
-380.769
-381.078
-381.483
-380.835
-381.156
-380.633
-380.93
-380.309
-380.54
-379.899
-380.169
-379.519
-378.808
-379.02
-379.388
-378.72
-379.038
-378.413
-378.654
-378.049
-378.299
-377.629
-377.945
-377.319
-377.625
-377.112
-377.414
-376.909
-377.18
-376.582
-375.809
-376.072
-375.529
-375.682
-376.173
-375.619
-375.888
-375.306
-375.477
-374.89
-375.239
-374.687
-374.951
-374.367
-374.696
-374.049
-374.382
-373.732
-374.072
-374.888
-374.157
-374.432
-374.837
-374.218
-373.451
-373.811
-374.332
-373.705
-374.038
-373.411
-373.693
-373.012
-373.292
-372.673
-372.977
-372.313
-372.568
-371.984
-372.211
-371.577
-370.702
-371.072
-371.573
-370.846
-371.239
-370.702
-371.041
-370.291
-370.659
-369.979
-370.329
-369.695
-368.848
-369.124
-368.487
-368.759
-368.101
-368.389
-367.735
-368.008
-367.377
-367.598
-368.114
-367.59
-367.926
-367.176
-367.414
-366.808
-367.047
-366.451
-366.814
-366.174
-366.462
-365.897
-365.163
-365.443
-365.815
-365.27
-365.491
-364.954
-365.3
-364.694
-363.855
-364.238
-364.755
-364.098
-363.213
-363.549
-364.073
-363.338
-363.822
-363.119
-363.456
-362.722
-361.76
-362.173
-362.684
-361.896
-362.294
-361.733
-362.077
-361.365
-360.439
-360.808
-361.334
-360.661
-359.965
-360.219
-360.671
-360.071
-360.312
-359.692
-359.935
-359.372
-358.66
-358.85
-359.2
-358.532
-358.733
-358.121
-358.409
-357.844
-357.126
-357.33
-356.726
-357.073
-357.627
-356.993
-357.247
-356.58
-356.792
-356.175
-355.441
-355.646
-355.957
-355.31
-355.519
-354.888
-355.125
-354.54
-353.812
-354.024
-354.519
-353.939
-353.17
-353.53
-353.975
-353.385
-353.733
-353.034
-352.143
-352.491
-352.934
-352.348
-351.529
-351.838
-352.349
-351.665
-350.95
-351.176
-351.594
-351.027
-351.185
-350.614
-350.838
-350.212
-350.437
-349.893
-349.148
-349.379
-349.763
-349.155
-349.372
-348.76
-348.965
-348.346
-347.548
-347.776
-348.069
-347.558
-347.7
-347.183
-347.418
-346.81
-347.061
-346.527
-346.864
-346.331
-346.61
-345.97
-346.242
-345.58
-344.765
-345.077
-345.483
-344.839
-345.076
-344.46
-344.751
-344.168
-344.463
-343.968
-344.186
-343.6
-342.904
-343.118
-343.538
-342.951
-343.184
-343.593
-342.989
-342.231
-342.525
-341.952
-342.228
-341.765
-341.925
-341.397
-341.637
-341.127
-341.462
-340.931
-341.24
-340.63
-339.967
-340.116
-340.481
-339.975
-340.31
-339.783
-340.095
-339.481
-339.779
-339.293
-339.54
-338.988
-338.258
-338.504
-337.99
-338.2
-338.592
-338.074
-338.355
-337.803
-338.003
-337.51
-337.706
-337.223
-336.556
-336.786
-336.209
-336.44
-335.91
-336.147
-336.603
-336.025
-335.333
-335.557
-336.023
-335.508
-335.837
-335.369
-334.632
-334.949
-335.411
-334.785
-335.082
-334.459
-334.791
-334.204
-333.486
-333.672
-334.078
-333.518
-333.765
-333.16
-333.477
-332.868
-333.196
-332.725
-331.869
-332.211
-332.682
-332.004
-332.333
-331.742
-332
-331.415
-331.66
-331.084
-331.291
-330.708
-330.909
-330.428
-330.692
-330.179
-329.522
-329.768
-330.119
-329.633
-329.831
-329.322
-328.571
-328.854
-329.323
-328.71
-329.039
-328.413
-328.721
-328.178
-327.408
-327.749
-328.243
-327.567
-326.66
-327.047
-327.575
-327.043
-327.379
-326.634
-326.973
-326.37
-326.688
-326.026
-325.153
-325.494
-325.001
-325.247
-325.686
-325.129
-325.343
-324.829
-324.153
-324.333
-324.676
-324.059
-324.329
-323.809
-323.985
-323.399
-322.73
-322.923
-322.366
-322.688
-323.216
-322.632
-322.869
-322.261
-321.595
-321.776
-322.12
-321.492
-321.697
-321.099
-321.295
-320.711
-320.975
-320.462
-320.788
-320.261
-320.479
-319.916
-319.246
-318.516
-318.84
-319.192
-319.618
-319.067
-319.388
-318.749
-317.915
-318.235
-317.642
-317.929
-318.418
-317.788
-317.099
-317.316
-317.725
-317.183
-317.335
-316.788
-317.001
-316.408
-316.619
-316.111
-315.403
-315.62
-315.99
-315.422
-315.625
-315.055
-315.182
-314.7
-314.828
-314.346
-314.523
-313.986
-313.268
-313.464
-313.826
-313.372
-313.681
-313.191
-313.389
-312.867
-313.12
-312.616
-312.868
-312.433
-312.625
-312.107
-312.31
-311.818
-312.067
-311.513
-311.723
-311.209
-310.477
-310.746
-311.088
-310.576
-309.853
-310.081
-310.464
-309.989
-310.19
-309.667
-309.061
-309.24
-309.577
-309.14
-309.337
-308.881
-309.077
-308.544
-307.928
-308.232
-307.744
-307.884
-307.32
-307.537
-307.04
-307.247
-307.621
-307.161
-307.402
-306.914
-307.112
-306.583
-306.794
-306.277
-306.428
-305.937
-306.245
-305.764
-305.992
-305.486
-304.807
-305.029
-304.529
-304.706
-305.05
-304.473
-304.887
-304.363
-304.761
-304.251
-303.61
-303.777
-304.114
-303.567
-303.862
-303.327
-303.534
-303.063
-302.406
-302.61
-302.973
-302.657
-302.931
-302.407
-302.657
-302.242
-301.587
-301.798
-302.193
-301.797
-302.033
-301.52
-301.693
-301.255
-301.537
-301.023
-300.371
-300.644
-301.098
-300.613
-300.875
-300.367
-300.641
-300.134
-300.355
-299.81
-300.034
-299.532
-299.707
-299.2
-299.483
-299.074
-298.314
-298.605
-299.036
-298.446
-298.718
-298.153
-298.45
-297.9
-298.193
-297.654
-297.954
-297.519
-297.782
-297.193
-296.461
-296.686
-296.167
-296.394
-295.869
-296.044
-296.362
-295.953
-296.141
-295.735
-295.155
-295.357
-295.754
-295.298
-295.605
-295.174
-295.443
-294.93
-294.189
-294.451
-294.905
-294.331
-294.514
-294.04
-294.221
-293.789
-294.022
-293.567
-293.848
-293.359
-292.65
-292.95
-292.522
-292.68
-292.229
-292.439
-292.79
-292.291
-292.491
-292.034
-292.226
-291.705
-292.006
-291.476
-291.766
-291.165
-290.341
-290.675
-291.116
-290.492
-290.788
-290.188
-289.391
-289.691
-290.131
-289.488
-288.629
-288.94
-289.389
-288.8
-288.015
-288.313
-287.862
-288.022
-288.365
-287.873
-288.035
-287.501
-286.833
-287.125
-287.623
-287.093
-286.266
-286.55
-287.001
-286.321
-285.57
-285.852
-286.323
-285.713
-285.932
-285.323
-285.453
-284.962
-284.284
-284.492
-284.884
-284.367
-283.65
-283.801
-284.119
-283.499
-283.728
-283.25
-283.556
-283.042
-282.36
-282.653
-283.043
-282.558
-282.755
-282.194
-281.489
-281.676
-281.981
-281.391
-281.577
-280.997
-281.21
-280.671
-279.969
-280.166
-280.541
-279.918
-280.146
-279.526
-279.743
-279.226
-278.514
-278.733
-279.037
-278.508
-277.824
-277.965
-278.237
-277.729
-277.872
-277.367
-277.698
-277.179
-277.427
-276.888
-276.145
-276.355
-276.727
-276.125
-276.39
-276.877
-276.379
-275.657
-275.849
-275.306
-274.583
-274.776
-275.175
-274.55
-274.791
-274.229
-273.406
-273.698
-274.039
-273.512
-273.765
-273.268
-272.574
-272.818
-272.217
-272.458
-272.879
-272.422
-272.644
-272.114
-272.333
-271.836
-271.158
-271.378
-271.769
-271.255
-271.473
-270.912
-270.25
-270.468
-270.887
-270.36
-270.581
-270.021
-270.278
-269.731
-269.961
-269.39
-269.652
-269.019
-269.305
-268.822
-268.177
-268.313
-268.657
-268.161
-267.49
-267.697
-268.161
-267.641
-266.962
-267.121
-267.417
-266.856
-267.088
-266.541
-266.794
-266.268
-266.598
-266.079
-266.255
-265.695
-264.941
-265.18
-265.643
-265.057
-265.37
-264.831
-264.069
